,Location,Never_Marrieds,Marrieds,Divorceds,Separateds,Widoweds
0,"Pismo Beach, California",27.59,49.32,14.18,1.61,7.3
1,"Patterson, California",36.7,49.27,9.27,2.09,2.67
2,"Perris, California",40.68,45.37,8.14,2.38,3.44
3,"Piedmont, California",18.38,70.72,6.35,0.24,4.3
4,"Pico Rivera, California",41.02,42.65,8.03,2.16,6.14
5,"Pinole, California",31.18,48.72,11.68,1.65,6.78
6,"Pittsburg, California",37.34,44.16,10.7,3.46,4.34
7,"Pasadena, California",39.75,43.85,9.2,1.8,5.41
8,"Petaluma, California",29.28,53.0,10.93,1.58,5.21
9,"Parlier, California",43.3,43.64,6.19,2.73,4.15
10,"Pacifica, California",31.22,51.31,11.36,1.33,4.78
11,"Paradise, California",35.71,43.51,11.04,1.3,8.44
12,"Paradise, California",25.62,46.7,15.71,2.16,9.81
13,"Palos Verdes Estates, California",23.07,66.93,4.32,0.22,5.46
14,"Palo Alto, California",28.11,58.35,7.63,0.76,5.15
15,"Palm Springs, California",36.68,40.26,13.66,1.69,7.71
16,"Palm Desert, California",25.67,50.76,12.48,2.06,9.03
17,"Palmdale, California",38.34,45.87,8.67,2.51,4.6
18,"Pacific Grove, California",27.52,50.24,12.94,1.63,7.67
19,"Oxnard, California",41.13,43.96,8.5,2.14,4.28
20,"Oroville, California",38.53,34.03,15.54,3.84,8.06
21,"Placentia, California",32.43,51.79,8.27,1.7,5.81
22,"Orland, California",25.96,58.3,10.2,1.49,4.06
23,"Paramount, California",45.01,39.83,7.97,3.23,3.95
24,"Placerville, California",29.55,44.79,13.08,1.97,10.61
25,"Rolling Hills, California",20.41,63.7,4.23,1.6,10.06
26,"Rolling Hills, California",26.85,65.22,7.03,0.0,0.9
27,"Pleasanton, California",23.16,63.9,7.06,0.97,4.92
28,"Orinda, California",20.3,68.52,5.32,0.85,5.01
29,"Rohnert Park, California",39.18,41.84,12.47,1.34,5.16
30,"Rocklin, California",30.09,54.42,9.54,1.39,4.56
31,"Riverside, California",42.46,41.31,9.15,2.4,4.68
32,"Riverbank, California",30.34,54.4,8.48,2.02,4.75
33,"Ripon, California",29.1,55.68,8.01,1.13,6.09
34,"Rio Vista, California",13.77,59.75,15.71,1.72,9.05
35,"Rio Dell, California",32.86,43.86,13.31,1.14,8.82
36,"Ridgecrest, California",27.15,51.21,13.07,2.73,5.83
37,"Richmond, California",40.31,41.76,10.01,3.16,4.76
38,"Rialto, California",40.43,45.12,7.55,3.17,3.74
39,"Reedley, California",34.17,51.37,7.3,1.69,5.48
40,"Redwood City, California",35.2,50.01,8.67,1.98,4.15
41,"Redondo Beach, California",31.71,51.41,11.4,1.85,3.63
42,"Redlands, California",36.2,45.74,10.53,1.27,6.25
43,"Red Bluff, California",33.8,37.48,18.4,4.31,6.02
44,"Rancho Santa Margarita, California",27.06,58.25,10.73,1.3,2.67
45,"Rancho Palos Verdes, California",20.76,65.16,7.04,0.76,6.29
46,"Rancho Mirage, California",19.04,55.96,12.65,0.86,11.5
47,"Rancho Cucamonga, California",33.69,50.43,10.2,1.79,3.88
48,"Rancho Cordova, California",35.8,44.48,12.34,2.76,4.62
49,"Poway, California",25.53,58.61,8.89,1.76,5.22
50,"Port Hueneme, California",39.71,44.27,9.69,2.02,4.32
51,"Porterville, California",39.6,42.03,9.57,2.92,5.89
52,"Pomona, California",44.65,39.66,8.36,2.88,4.44
53,"Pleasant Hill, California",33.04,50.65,10.34,1.07,4.9
54,"Orange Cove, California",40.42,44.3,6.51,4.24,4.52
55,"Maywood, California",48.42,40.25,4.31,3.25,3.76
56,"Ontario, California",40.42,44.36,8.14,2.89,4.2
57,"Modesto, California",34.15,46.59,11.46,2.15,5.64
58,"Mission Viejo, California",26.33,57.38,9.55,1.03,5.71
59,"Milpitas, California",30.65,57.11,6.47,1.53,4.23
60,"Mill Valley, California",19.79,61.27,10.81,1.55,6.58
61,"Merced, California",41.88,39.22,11.18,2.75,4.97
62,"Menlo Park, California",30.48,55.39,8.68,0.97,4.47
63,"Menifee, California",28.48,51.02,11.45,2.22,6.84
64,"Mendota, California",49.24,39.75,4.15,2.51,4.35
65,"McFarland, California",40.17,49.14,5.58,2.4,2.71
66,"Rolling Hills Estates, California",17.22,66.82,7.9,0.82,7.24
67,"Marysville, California",33.94,42.72,13.02,3.06,7.27
68,"Martinez, California",31.16,50.59,12.74,1.22,4.3
69,"Marina, California",39.53,42.53,9.71,2.37,5.87
70,"Manteca, California",31.84,50.71,10.11,2.24,5.12
71,"Manhattan Beach, California",28.02,58.81,8.94,0.68,3.56
72,"Mammoth Lakes, California",50.54,30.5,14.29,2.78,1.9
73,"Malibu, California",25.6,52.53,14.11,1.74,6.01
74,"Madera, California",39.06,45.72,7.1,2.58,5.53
75,"Lynwood, California",48.03,39.58,5.15,3.21,4.02
76,"Los Gatos, California",24.49,56.23,12.13,1.3,5.83
77,"Los Banos, California",36.53,50.35,6.8,1.93,4.39
78,"Los Angeles, California",45.9,38.65,8.21,2.64,4.61
79,"Los Altos Hills, California",18.95,71.02,4.55,0.56,4.93
80,"Los Altos, California",20.83,67.45,6.23,0.57,4.92
81,"Los Alamitos, California",32.01,47.36,11.56,3.11,5.96
82,"Monrovia, California",36.26,45.67,11.62,2.33,4.11
83,"Orange, California",38.86,46.52,8.88,1.42,4.32
84,"Montague, California",32.07,45.88,16.88,2.18,2.99
85,"Montebello, California",43.49,39.3,7.09,2.73,7.38
86,"Ojai, California",29.16,47.24,15.62,1.64,6.33
87,"Oceanside, California",31.08,49.34,12.2,1.73,5.64
88,"Oakley, California",33.08,52.6,8.76,2.29,3.26
89,"Oakland, California",45.24,38.03,9.86,2.27,4.6
90,"Oakdale, California",29.84,46.8,13.44,3.78,6.13
91,"Novato, California",29.67,51.99,11.63,1.13,5.58
92,"Norwalk, California",39.86,45.38,7.18,2.32,5.26
93,"Norco, California",31.74,49.12,12.15,1.96,5.03
94,"Newport Beach, California",27.86,53.47,11.98,1.21,5.48
95,"Newman, California",30.38,49.73,13.75,1.15,4.99
96,"Newark, California",33.74,54.18,6.96,0.62,4.49
97,"Nevada City, California",30.36,33.99,23.04,5.04,7.57
98,"Needles, California",33.25,41.72,13.07,2.63,9.33
99,"National City, California",39.38,41.66,9.9,2.69,6.37
100,"Napa, California",29.97,50.39,11.64,2.02,5.97
101,"Murrieta, California",30.82,52.79,9.29,2.5,4.61
102,"Mount Shasta, California",23.05,46.9,24.55,0.5,5.0
103,"Mountain View, California",28.12,51.11,17.36,0.0,3.41
104,"Mountain View, California",36.13,50.52,8.69,1.26,3.4
105,"Morro Bay, California",29.89,45.16,16.14,2.09,6.72
106,"Morgan Hill, California",26.98,58.4,9.26,1.53,3.83
107,"Moreno Valley, California",40.48,44.55,8.24,2.74,3.99
108,"Moraga, California",31.46,55.62,6.66,1.02,5.24
109,"Moorpark, California",30.3,57.97,7.51,0.97,3.24
110,"Monterey Park, California",32.9,51.09,7.1,1.5,7.41
111,"Monterey, California",39.58,41.94,11.42,1.66,5.41
112,"Montclair, California",43.71,39.88,8.92,2.97,4.52
113,"Rosemead, California",37.64,49.08,5.9,1.23,6.15
114,"Sebastopol, California",33.59,43.46,15.86,1.33,5.76
115,"Ross, California",24.51,62.94,8.89,0.64,3.02
116,"Victorville, California",38.15,42.82,10.75,3.58,4.7
117,"Vernon, California",35.29,47.06,13.24,1.47,2.94
118,"Vallejo, California",37.45,42.24,11.64,3.0,5.67
119,"Vacaville, California",32.42,47.97,12.3,2.26,5.05
120,"Upland, California",34.57,47.61,10.43,2.39,5.0
121,"Union City, California",32.38,55.48,5.76,1.34,5.03
122,"Ukiah, California",32.4,43.53,18.0,1.4,4.67
123,"Twentynine Palms, California",35.77,51.05,8.59,1.46,3.14
124,"Tustin, California",38.09,46.14,9.26,2.45,4.05
125,"Turlock, California",34.62,46.86,10.12,2.7,5.69
126,"Villa Park, California",23.39,63.02,4.64,0.49,8.46
127,"Tulelake, California",27.95,59.93,2.69,0.34,9.09
128,"Truckee, California",32.07,57.14,8.66,0.55,1.57
129,"Tracy, California",33.03,52.88,8.12,1.84,4.14
130,"Torrance, California",30.06,54.38,8.4,1.28,5.87
131,"Thousand Oaks, California",29.11,54.23,9.93,1.31,5.42
132,"Temple City, California",31.17,54.05,6.43,0.95,7.4
133,"Temecula, California",29.15,55.47,9.4,1.96,4.03
134,"Tehachapi, California",41.59,33.17,17.0,3.79,4.45
135,"Taft, California",36.99,40.53,11.82,1.97,8.7
136,"Sutter Creek, California",23.78,44.57,19.94,2.76,8.94
137,"Susanville, California",54.19,29.39,11.36,1.63,3.44
138,"Sunnyvale, California",30.14,58.16,6.68,1.19,3.83
139,"Tulare, California",38.16,45.64,9.79,1.55,4.87
140,"Visalia, California",34.94,48.29,10.29,1.55,4.93
141,"Vista, California",37.13,46.44,10.83,1.66,3.94
142,"Walnut, California",29.07,59.34,5.19,1.14,5.25
143,"Long Beach, California",45.49,38.39,9.45,2.26,4.39
144,"Yucca Valley, California",23.52,45.5,17.46,3.35,10.17
145,"Yucaipa, California",29.42,52.59,10.11,1.42,6.47
146,"Yuba City, California",26.96,53.31,12.17,1.92,5.64
147,"Yreka, California",33.71,39.49,15.74,1.74,9.32
148,"Yountville, California",16.88,40.21,22.34,0.92,19.65
149,"Yorba Linda, California",24.73,63.2,6.9,0.85,4.31
150,"Woodland, California",31.42,50.55,10.43,2.64,4.97
151,"Woodlake, California",34.79,49.29,9.48,1.96,4.47
152,"Winters, California",28.17,54.54,8.18,3.61,5.5
153,"Windsor, California",28.98,54.48,9.35,2.1,5.09
154,"Willits, California",33.35,35.4,17.7,2.9,10.64
155,"Williams, California",33.5,52.74,6.22,3.69,3.86
156,"Wildomar, California",35.05,47.84,9.27,2.15,5.7
157,"Whittier, California",38.16,44.69,8.46,2.37,6.33
158,"Wheatland, California",33.31,48.81,12.86,1.34,3.68
159,"West Sacramento, California",32.49,48.54,12.03,2.66,4.28
160,"Westminster, California",33.01,50.87,8.58,1.91,5.62
161,"Westlake Village, California",20.23,62.67,8.94,0.87,7.29
162,"West Hollywood, California",61.86,23.85,8.91,1.14,4.25
163,"West Covina, California",35.92,48.29,8.21,2.04,5.53
164,"Weed, California",43.01,26.53,17.64,0.54,12.27
165,"Watsonville, California",39.54,47.18,7.49,1.42,4.37
166,"Waterford, California",30.68,54.93,8.37,3.5,2.52
167,"Walnut Creek, California",25.32,54.21,11.11,1.06,8.3
168,"Suisun City, California",36.07,47.17,10.36,1.2,5.2
169,"Stockton, California",39.54,41.95,9.73,2.86,5.93
170,"St. Helena, California",27.02,49.16,14.89,1.16,7.77
171,"Stanton, California",38.7,45.13,9.1,2.88,4.19
172,"Santa Barbara, California",39.95,41.83,11.23,1.78,5.21
173,"Santa Ana, California",42.6,43.8,6.72,3.0,3.88
174,"San Ramon, California",23.73,66.29,6.38,0.8,2.8
175,"San Rafael, California",35.02,46.25,11.98,1.8,4.95
176,"San Pablo, California",44.27,39.7,9.0,2.74,4.29
177,"San Mateo, California",32.96,51.31,9.38,1.22,5.13
178,"San Marino, California",24.07,66.07,3.79,0.23,5.84
179,"San Marcos, California",31.34,52.3,10.11,1.57,4.66
180,"San Luis Obispo, California",57.3,29.47,8.04,1.28,3.91
181,"San Leandro, California",35.26,46.8,9.84,1.98,6.13
182,"San Juan Capistrano, California",24.52,58.26,9.99,1.21,6.02
183,"San Jose, California",35.4,50.75,7.89,1.63,4.33
184,"San Jacinto, California",36.33,45.98,10.34,3.26,4.09
185,"Sanger, California",38.69,42.03,9.16,3.64,6.48
186,"San Gabriel, California",36.34,49.0,7.44,1.01,6.22
187,"San Francisco, California",45.86,40.12,7.98,1.38,4.65
188,"San Fernando, California",41.66,44.07,6.1,3.55,4.61
189,"San Dimas, California",31.33,52.27,8.35,0.97,7.08
190,"San Diego, California",40.13,43.87,10.01,1.82,4.17
191,"Sand City, California",41.52,38.99,14.8,2.89,1.81
192,"San Clemente, California",26.72,57.8,9.34,0.86,5.27
193,"San Bruno, California",33.73,50.41,8.76,1.42,5.68
194,"San Bernardino, California",46.03,36.51,9.56,3.22,4.67
195,"Salinas, California",44.49,42.79,6.29,1.95,4.47
196,"Sacramento, California",40.17,40.96,11.1,2.47,5.3
197,"Santa Clara, California",36.08,51.89,6.92,1.26,3.85
198,"Roseville, California",27.76,52.77,11.32,1.77,6.37
199,"Santa Clarita, California",32.75,51.82,9.63,1.58,4.21
200,"Santa Fe Springs, California",38.66,42.77,8.83,1.86,7.87
201,"Stallion Springs, California",20.33,56.86,13.37,3.23,6.22
202,"South San Francisco, California",33.86,50.23,8.24,1.29,6.38
203,"South Pasadena, California",34.38,52.11,8.91,0.58,4.02
204,"South Lake Tahoe, California",39.05,40.16,14.21,1.61,4.98
205,"South Gate, California",45.44,41.03,6.03,3.42,4.07
206,"South El Monte, California",44.13,41.17,6.15,2.22,6.33
207,"Sonora, California",31.29,41.92,15.48,3.42,7.89
208,"Sonoma, California",24.97,49.37,14.8,0.66,10.2
209,"Solvang, California",30.29,49.48,10.31,1.5,8.43
210,"Soledad, California",48.06,33.65,11.91,3.64,2.74
211,"Solana Beach, California",29.37,50.71,12.99,0.13,6.81
212,"Simi Valley, California",31.1,51.89,10.38,1.41,5.22
213,"Signal Hill, California",43.74,40.14,10.78,0.75,4.59
214,"Sierra Madre, California",24.38,55.99,13.33,1.11,5.19
215,"Shafter, California",39.77,48.35,5.4,2.3,4.18
216,"Selma, California",38.82,46.09,8.24,1.54,5.3
217,"Seaside, California",39.64,44.14,8.77,1.73,5.72
218,"Seal Beach, California",21.48,49.78,14.49,1.55,12.7
219,"Scotts Valley, California",29.14,52.38,10.68,2.37,5.43
220,"Sausalito, California",26.61,51.18,13.26,1.72,7.22
221,"Saratoga, California",19.76,68.38,4.91,0.76,6.2
222,"Santee, California",30.26,50.37,12.17,1.68,5.53
223,"Santa Rosa, California",34.73,44.07,13.61,1.95,5.64
224,"Santa Paula, California",36.05,48.24,8.44,1.96,5.3
225,"Santa Monica, California",43.62,37.78,12.83,1.52,4.25
226,"Santa Cruz, California",56.33,29.91,9.79,1.01,2.96
227,"Lompoc, California",35.62,43.62,12.28,3.27,5.22
228,"El Monte, California",42.76,43.48,5.84,2.93,4.99
229,"Loma Linda, California",39.19,44.48,7.87,1.76,6.7
230,"Coachella, California",41.35,48.27,4.46,2.84,3.07
231,"Clovis, California",32.58,50.05,11.08,1.78,4.51
232,"Cloverdale, California",25.14,58.61,10.6,1.62,4.03
233,"Clearlake, California",35.66,30.35,21.53,3.35,9.1
234,"Clayton, California",23.69,61.4,8.53,1.19,5.18
235,"Claremont, California",39.49,45.64,8.64,1.42,4.81
236,"Citrus Heights, California",32.87,42.67,14.98,2.74,6.74
237,"Chula Vista, California",34.32,49.97,8.77,1.96,4.98
238,"Chowchilla, California",47.08,32.38,12.0,4.44,4.1
239,"Chino Hills, California",29.88,57.91,6.24,1.47,4.49
240,"Chino, California",37.98,42.4,12.46,3.21,3.95
241,"Coalinga, California",47.8,35.13,10.71,3.02,3.34
242,"Chico, California",47.84,33.94,11.5,1.48,5.23
243,"Ceres, California",36.14,48.84,8.45,1.78,4.8
244,"Cathedral City, California",37.52,43.93,10.48,2.61,5.46
245,"Carson, California",39.36,43.96,8.46,2.26,5.97
246,"Carpinteria, California",26.34,52.98,14.53,0.91,5.23
247,"Carlsbad, California",26.54,56.35,11.12,1.13,4.86
248,"Capitola, California",29.93,45.83,15.82,1.59,6.83
249,"Canyon Lake, California",25.13,57.22,8.73,2.03,6.89
250,"Campbell, California",31.88,50.69,11.3,1.64,4.48
251,"Camarillo, California",28.48,54.49,9.41,1.07,6.55
252,"Cerritos, California",28.72,59.05,5.75,0.96,5.52
253,"Colma, California",41.1,43.48,7.71,3.53,4.18
254,"Colton, California",39.34,44.62,8.62,2.38,5.03
255,"Colusa, California",32.59,46.75,12.87,3.26,4.52
256,"Dinuba, California",41.03,43.58,6.54,3.96,4.9
257,"Diamond Bar, California",31.05,56.61,6.76,0.52,5.06
258,"Desert Hot Springs, California",38.88,38.84,13.32,3.29,5.67
259,"Del Rey Oaks, California",23.48,56.57,13.13,2.86,3.96
260,"Del Mar, California",32.01,52.61,10.18,2.17,3.03
261,"Delano, California",43.04,42.84,6.28,3.6,4.24
262,"Davis, California",54.2,36.47,5.61,1.1,2.61
263,"Danville, California",21.72,62.12,9.33,0.88,5.95
264,"Dana Point, California",24.69,54.38,12.48,1.76,6.69
265,"Daly City, California",38.5,45.81,7.62,1.99,6.07
266,"Cypress, California",30.5,54.33,8.61,1.18,5.38
267,"Cupertino, California",24.05,65.21,4.85,0.78,5.11
268,"Culver City, California",35.12,48.78,10.16,0.79,5.14
269,"Cudahy, California",49.35,41.19,4.54,2.62,2.3
270,"Crescent City, California",47.53,28.18,15.75,4.74,3.8
271,"Covina, California",37.1,46.64,8.83,2.2,5.23
272,"Cotati, California",35.87,47.57,11.8,0.21,4.54
273,"Costa Mesa, California",41.48,42.1,10.89,1.52,4.0
274,"Coronado, California",30.16,55.7,8.33,1.05,4.76
275,"Corona, California",33.85,51.76,8.28,2.06,4.06
276,"Corning, California",32.46,49.12,10.27,0.96,7.19
277,"Corcoran, California",49.22,29.12,13.13,5.02,3.51
278,"Lomita, California",33.98,45.35,14.01,1.92,4.74
279,"Compton, California",48.17,37.4,6.29,3.16,4.97
280,"Commerce, California",43.27,37.85,9.25,3.41,6.22
281,"Calistoga, California",39.64,40.43,14.37,1.13,4.44
282,"Calimesa, California",23.88,50.59,13.76,1.92,9.86
283,"California City, California",39.22,39.82,13.56,3.45,3.96
284,"Calexico, California",40.13,42.35,7.88,2.96,6.67
285,"Azusa, California",49.52,37.51,7.18,2.06,3.73
286,"Avenal, California",47.81,35.34,10.38,4.94,1.53
287,"Avalon, California",28.49,58.63,8.65,0.14,4.1
288,"Auburn, California",25.86,49.39,15.13,2.08,7.54
289,"Atwater, California",35.71,45.71,9.47,3.38,5.74
290,"Atherton, California",28.95,59.07,6.18,0.55,5.26
291,"Atascadero, California",27.99,53.82,11.45,1.87,4.87
292,"Arvin, California",43.8,50.32,1.97,1.8,2.1
293,"Artesia, California",34.83,48.43,7.6,1.62,7.51
294,"Arroyo Grande, California",24.82,55.33,11.87,2.13,5.85
295,"Arcata, California",64.97,22.61,8.56,1.11,2.75
296,"Arcadia, California",27.81,57.68,7.21,1.21,6.08
297,"Apple Valley, California",30.35,49.88,12.09,1.81,5.86
298,"Antioch, California",37.8,44.84,10.44,2.0,4.92
299,"Anderson, California",29.33,45.59,16.02,3.21,5.86
300,"Anaheim, California",38.14,45.97,8.56,2.49,4.85
301,"American Canyon, California",33.92,51.1,8.86,1.13,4.99
302,"Alturas, California",22.73,38.19,30.18,0.56,8.34
303,"Aliso Viejo, California",29.36,53.82,12.07,0.99,3.75
304,"Alhambra, California",38.78,46.28,7.47,1.36,6.1
305,"Albany, California",30.46,55.06,9.96,1.25,3.27
306,"Alameda, California",32.6,50.39,9.93,1.73,5.36
307,"Agoura Hills, California",29.57,57.55,8.07,1.7,3.11
308,"Adelanto, California",43.43,40.29,9.68,3.2,3.4
309,"Bakersfield, California",36.55,47.59,9.11,2.33,4.42
310,"Dixon, California",32.78,52.46,8.46,2.79,3.51
311,"Baldwin Park, California",40.77,46.24,5.67,2.41,4.91
312,"Barstow, California",40.39,33.66,15.8,3.34,6.8
313,"Calabasas, California",28.5,56.69,10.1,1.73,2.98
314,"Burlingame, California",29.92,55.09,8.95,1.11,4.93
315,"Burbank, California",36.8,46.85,9.19,1.5,5.65
316,"Burbank, California",38.67,46.0,8.97,3.25,3.11
317,"Buena Park, California",35.87,49.12,8.35,1.82,4.84
318,"Buellton, California",16.6,58.66,16.19,1.08,7.48
319,"Broadmoor, California",35.42,54.73,3.87,0.61,5.37
320,"Brisbane, California",30.53,54.16,8.4,2.61,4.29
321,"Brentwood, California",27.92,56.77,7.94,1.54,5.82
322,"Brea, California",30.5,53.5,9.06,1.84,5.1
323,"Brawley, California",36.86,42.85,10.27,3.35,6.67
324,"Bradbury, California",32.09,55.76,5.82,0.25,6.07
325,"Blythe, California",44.66,33.18,13.09,3.87,5.2
326,"Bishop, California",38.64,36.06,10.54,3.08,11.67
327,"Biggs, California",27.78,56.05,7.93,4.0,4.24
328,"Beverly Hills, California",32.37,48.78,9.72,1.57,7.55
329,"Berkeley, California",55.77,33.08,7.18,1.09,2.88
330,"Benicia, California",25.79,56.06,10.81,1.99,5.34
331,"Belvedere, California",13.44,66.67,7.81,1.23,10.86
332,"Belmont, California",24.42,59.54,10.17,1.14,4.72
333,"Bell Gardens, California",52.05,37.7,4.0,2.97,3.28
334,"Bellflower, California",40.01,42.78,9.81,2.71,4.69
335,"Bell, California",46.48,40.35,5.5,3.12,4.55
336,"Beaumont, California",28.91,53.88,10.95,2.23,4.03
337,"Banning, California",31.25,42.26,12.59,2.92,10.97
338,"Dorris, California",30.88,48.54,9.98,1.08,9.52
339,"Concord, California",32.4,49.64,11.37,1.85,4.74
340,"Downey, California",39.74,43.92,8.84,2.59,4.91
341,"King City, California",47.79,46.21,2.38,1.15,2.46
342,"Dos Palos, California",32.72,52.09,6.48,2.43,6.27
343,"Kensington, California",23.93,58.42,8.47,1.99,7.19
344,"Jurupa Valley, California",38.75,45.23,8.69,2.38,4.95
345,"Jackson, California",27.09,46.72,11.41,5.02,9.76
346,"Isleton, California",29.56,48.41,16.67,0.4,4.96
347,"Irwindale, California",43.6,39.82,6.13,2.97,7.48
348,"Irvine, California",35.33,52.85,7.66,1.04,3.12
349,"Ione, California",37.29,39.21,16.55,1.94,5.02
350,"Inglewood, California",45.18,34.42,11.53,3.43,5.43
351,"Industry, California",38.27,52.26,3.7,2.47,3.29
352,"Kingsburg, California",30.89,53.12,7.87,1.07,7.05
353,"Indio, California",33.75,49.86,9.14,1.92,5.33
354,"Imperial Beach, California",42.58,36.1,13.4,2.72,5.19
355,"Imperial, California",37.26,43.54,11.19,3.89,4.12
356,"Huron, California",43.53,47.83,2.44,3.07,3.13
357,"Huntington Park, California",47.53,39.27,5.5,3.57,4.12
358,"Huntington Beach, California",33.12,48.61,11.57,1.56,5.14
359,"Hughson, California",30.73,48.56,8.63,1.91,10.16
360,"Holtville, California",36.71,48.21,8.62,2.68,3.79
361,"Hollister, California",36.01,49.77,8.61,1.65,3.96
362,"Hillsborough, California",20.9,70.09,4.35,0.4,4.26
363,"Highland, California",36.75,47.3,9.16,2.4,4.39
364,"Hidden Hills, California",23.04,64.56,5.62,0.69,6.09
365,"Indian Wells, California",10.88,67.88,10.49,0.1,10.65
366,"Lafayette, California",25.24,62.04,7.9,1.32,3.5
367,"Laguna Beach, California",26.1,52.96,15.58,1.02,4.34
368,"Lodi, California",30.25,49.53,11.16,2.4,6.66
369,"Livingston, California",34.9,56.56,3.91,1.49,3.14
370,"Livermore, California",26.44,58.44,9.49,1.37,4.26
371,"Lindsay, California",35.09,48.44,7.4,3.76,5.3
372,"Lincoln, California",18.91,63.05,9.48,1.48,7.08
373,"Lemoore, California",37.74,47.81,8.4,1.86,4.19
374,"Lemon Grove, California",34.74,43.62,14.07,2.42,5.15
375,"Lawndale, California",40.4,43.99,10.0,1.61,3.99
376,"La Verne, California",30.67,50.02,10.35,1.48,7.49
377,"La Quinta, California",24.34,56.87,11.91,1.96,4.92
378,"La Puente, California",41.88,41.86,7.64,3.25,5.38
379,"La Palma, California",31.53,53.39,7.84,1.55,5.69
380,"Lancaster, California",43.64,42.32,7.81,2.05,4.18
381,"La Mirada, California",35.4,48.68,8.3,1.22,6.4
382,"La Mesa, California",33.86,43.99,14.28,1.99,5.88
383,"Lakewood, California",34.22,49.1,9.54,1.69,5.44
384,"Lakeport, California",29.11,45.15,14.96,2.15,8.63
385,"Lake Forest, California",30.73,54.05,9.96,1.33,3.92
386,"Lake Elsinore, California",36.09,49.2,8.64,2.64,3.42
387,"La Habra Heights, California",28.46,56.05,8.19,1.4,5.9
388,"La Habra, California",35.78,46.98,9.6,2.11,5.53
389,"Laguna Woods, California",8.26,47.44,17.73,1.05,25.51
390,"Laguna Niguel, California",25.22,58.83,10.68,1.14,4.14
391,"Laguna Hills, California",30.02,53.31,9.94,1.09,5.63
392,"Hesperia, California",36.21,46.87,9.89,2.7,4.34
393,"Hermosa Beach, California",40.45,44.45,9.52,1.76,3.83
394,"Kerman, California",36.46,49.05,6.88,2.04,5.57
395,"Hemet, California",29.21,44.07,14.55,2.51,9.66
396,"Folsom, California",26.96,55.34,11.12,1.91,4.66
397,"Firebaugh, California",48.62,38.9,3.77,2.06,6.65
398,"Fillmore, California",36.59,49.75,7.79,1.38,4.49
399,"Ferndale, California",19.7,50.8,16.49,2.67,10.34
400,"Farmersville, California",45.26,42.2,6.59,1.23,4.73
401,"Fairfield, California",32.6,49.97,10.28,2.19,4.96
402,"Fairfax, California",25.19,54.44,14.93,0.27,5.16
403,"Exeter, California",33.62,46.68,10.67,2.03,7.0
404,"Eureka, California",40.9,36.36,14.73,2.56,5.45
405,"Etna, California",22.44,56.55,12.39,2.51,6.1
406,"Escondido, California",36.27,46.06,10.55,1.94,5.18
407,"Fontana, California",39.39,46.7,8.09,2.07,3.75
408,"Escalon, California",27.43,51.23,12.52,4.38,4.44
409,"Emeryville, California",48.88,34.79,10.38,1.82,4.11
410,"El Segundo, California",34.46,49.6,10.45,1.67,3.82
411,"Elk Grove, California",30.57,54.37,8.66,1.78,4.61
412,"El Cerrito, California",36.28,41.58,13.06,2.31,6.77
413,"El Cerrito, California",28.29,56.22,7.85,1.89,5.74
414,"El Centro, California",36.93,43.06,9.21,4.04,6.76
415,"El Cajon, California",35.61,44.65,11.63,2.23,5.88
416,"Eastvale, California",31.7,56.56,6.39,2.17,3.19
417,"East Palo Alto, California",46.46,41.15,7.09,2.39,2.91
418,"Hercules, California",31.88,53.51,8.54,1.56,4.51
419,"Dublin, California",23.91,64.28,7.56,1.41,2.85
420,"Duarte, California",35.77,46.5,9.81,1.9,6.02
421,"Encinitas, California",28.99,54.53,9.61,1.39,5.48
422,"Fort Bragg, California",36.43,32.08,21.58,3.89,6.02
423,"Dunsmuir, California",24.48,47.99,16.19,3.43,7.91
424,"Fortuna, California",31.24,44.84,13.97,2.53,7.42
425,"Fort Jones, California",23.38,51.79,13.15,1.62,10.06
426,"Healdsburg, California",27.67,53.1,14.24,1.06,3.93
427,"Hawthorne, California",44.73,37.16,10.18,3.57,4.35
428,"Hawaiian Gardens, California",43.33,43.25,6.58,2.47,4.37
429,"Hanford, California",33.19,47.91,11.17,2.49,5.24
430,"Gustine, California",35.42,51.46,6.46,1.45,5.21
431,"Guadalupe, California",38.36,48.24,5.27,1.8,6.33
432,"Grover Beach, California",31.13,44.55,16.22,2.59,5.5
433,"Gridley, California",31.21,49.4,11.62,3.09,4.67
434,"Greenfield, California",30.9,56.88,5.92,4.86,1.44
435,"Greenfield, California",45.57,44.65,3.32,2.56,3.9
436,"Grass Valley, California",31.54,32.13,20.76,1.89,13.68
437,"Grand Terrace, California",33.0,46.51,12.96,1.73,5.79
438,"Hayward, California",39.6,45.84,7.71,1.86,4.98
439,"Goleta, California",37.2,46.78,9.55,1.14,5.32
440,"Gonzales, California",41.76,51.06,2.01,2.21,2.95
441,"Fountain Valley, California",31.62,53.13,8.54,1.42,5.29
442,"Fowler, California",37.03,42.4,10.01,4.31,6.25
443,"Fremont, California",26.71,62.26,5.69,0.73,4.62
444,"Fullerton, California",38.69,46.32,8.29,1.65,5.06
445,"Galt, California",29.66,54.25,9.43,1.48,5.19
446,"Foster City, California",25.16,62.1,6.84,1.13,4.77
447,"Garden Grove, California",36.57,48.15,8.08,1.91,5.28
448,"Gilroy, California",34.55,49.35,10.15,2.53,3.43
449,"Glendale, California",33.49,50.2,7.42,1.78,7.12
450,"Glendora, California",31.56,50.54,10.28,1.72,5.89
451,"Gardena, California",36.49,44.19,9.97,3.12,6.24
452,"Palm Bay, Florida",31.1,46.55,14.17,1.76,6.42
453,"Palatka, Florida",39.1,32.25,16.38,2.16,10.1
454,"Pahokee, Florida",43.59,37.94,7.59,4.07,6.81
455,"Oviedo, Florida",32.32,55.28,7.58,1.36,3.47
456,"Ormond Beach, Florida",25.24,49.76,12.92,1.08,11.0
457,"Orlando, Florida",43.03,36.02,13.52,3.21,4.22
458,"Orange City, Florida",19.35,45.79,21.35,1.99,11.53
459,"Ocean Ridge, Florida",16.34,55.31,18.24,0.52,9.58
460,"Oldsmar, Florida",31.16,48.26,12.61,1.45,6.52
461,"Okeechobee, Florida",29.81,46.59,12.15,4.56,6.89
462,"Ocoee, Florida",30.8,52.04,10.44,1.86,4.86
463,"Palm Beach, Florida",7.48,64.15,14.69,0.74,12.94
464,"Orange Park, Florida",26.94,46.41,16.15,4.42,6.08
465,"Palm Beach Gardens, Florida",23.89,52.49,14.83,1.37,7.41
466,"Parkland, Florida",23.43,66.1,7.16,0.54,2.77
467,"Palmetto, Florida",29.35,47.41,10.46,2.64,10.14
468,"Panama City, Florida",32.51,37.49,18.03,3.16,8.82
469,"Panama City Beach, Florida",24.31,54.35,14.14,1.73,5.47
470,"Parker, Florida",34.65,38.18,16.19,2.66,8.33
471,"Ocala, Florida",37.34,36.05,15.67,2.19,8.75
472,"Pembroke Park, Florida",38.4,37.38,17.14,3.04,4.04
473,"Pembroke Pines, Florida",32.32,48.36,11.32,1.88,6.12
474,"Pensacola, Florida",36.43,39.13,15.58,2.19,6.66
475,"Perry, Florida",31.54,41.98,10.44,3.81,12.24
476,"Pinellas Park, Florida",27.98,43.65,16.68,2.65,9.04
477,"Plantation, Florida",32.37,46.64,13.19,2.26,5.54
478,"Plantation, Florida",8.23,67.12,8.29,0.16,16.2
479,"Plant City, Florida",30.91,49.21,12.95,1.93,5.0
480,"Palm Beach Shores, Florida",22.73,48.36,18.09,1.26,9.57
481,"Oakland Park, Florida",42.14,35.07,15.29,3.11,4.38
482,"North Bay Village, Florida",36.18,40.59,15.82,2.31,5.1
483,"North Redington Beach, Florida",13.66,60.86,16.12,1.23,8.14
484,"Mangonia Park, Florida",51.21,33.88,9.43,1.81,3.67
485,"Marco Island, Florida",10.82,70.07,8.78,0.58,9.75
486,"Margate, Florida",30.12,42.78,15.5,3.25,8.36
487,"Marianna, Florida",36.57,33.17,14.91,5.43,9.91
488,"Mascotte, Florida",36.72,48.83,9.6,1.24,3.61
489,"Medley, Florida",27.33,43.52,16.8,3.04,9.31
490,"Melbourne, Florida",33.26,38.33,17.6,2.27,8.54
491,"Melbourne Beach, Florida",19.72,62.86,6.77,1.67,8.99
492,"Mexico Beach, Florida",14.03,66.25,9.65,0.42,9.65
493,"Miami, Florida",40.73,35.12,13.87,3.71,6.58
494,"Miami Beach, Florida",34.94,39.73,16.75,3.86,4.72
495,"Miami Gardens, Florida",51.13,28.45,11.91,3.33,5.18
496,"Miami Lakes, Florida",31.48,45.27,13.28,4.42,5.55
497,"Miami Springs, Florida",27.86,49.78,15.03,1.7,5.63
498,"Milton, Florida",29.67,44.4,14.91,3.81,7.21
499,"Minneola, Florida",33.96,51.04,8.76,1.56,4.68
500,"North Port, Florida",23.96,53.54,13.34,1.54,7.62
501,"North Miami Beach, Florida",42.71,37.09,11.32,3.2,5.68
502,"North Miami, Florida",48.0,33.89,9.83,3.56,4.72
503,"North Lauderdale, Florida",41.28,38.09,11.53,4.71,4.39
504,"Pompano Beach, Florida",36.48,37.76,14.9,2.94,7.92
505,"Oakland, Florida",30.6,58.89,6.77,0.0,3.75
506,"Niceville, Florida",24.53,60.71,8.79,1.61,4.36
507,"New Port Richey, Florida",29.44,39.34,16.35,2.6,12.27
508,"Neptune Beach, Florida",34.98,48.02,10.5,0.59,5.92
509,"Naples, Florida",14.66,61.41,10.7,1.22,12.0
510,"Mount Dora, Florida",23.09,49.83,16.1,1.04,9.93
511,"Monticello, Florida",27.57,48.56,11.12,1.85,10.9
512,"Miramar, Florida",41.05,42.68,10.71,2.35,3.21
513,"New Smyrna Beach, Florida",19.96,50.08,17.15,1.68,11.14
514,"Port Orange, Florida",27.82,48.88,13.68,1.07,8.55
515,"Sanford, Florida",37.59,40.1,12.73,3.45,6.12
516,"Port St. Lucie, Florida",27.41,51.89,11.97,2.12,6.61
517,"Tavares, Florida",23.12,47.03,17.76,1.84,10.25
518,"Temple Terrace, Florida",45.66,37.86,11.09,1.63,3.75
519,"Titusville, Florida",28.2,46.46,15.86,1.88,7.61
520,"Treasure Island, Florida",15.66,58.32,15.9,0.52,9.6
521,"Trenton, Florida",33.62,39.59,15.71,4.14,6.94
522,"Umatilla, Florida",25.3,48.88,9.95,0.89,14.99
523,"Valparaiso, Florida",41.51,39.54,10.53,2.5,5.92
524,"Venice, Florida",13.71,58.26,12.11,1.41,14.51
525,"Vero Beach, Florida",27.1,45.62,16.17,2.0,9.12
526,"Wauchula, Florida",36.33,48.68,4.21,2.76,8.01
527,"Welaka, Florida",26.88,41.94,15.05,2.33,13.8
528,"Westlake, Florida",0.0,0.0,100.0,0.0,0.0
529,"West Melbourne, Florida",26.33,48.93,14.32,1.05,9.38
530,"Manalapan, Florida",6.74,75.66,10.11,0.0,7.49
531,"Winter Springs, Florida",27.16,54.39,11.4,1.56,5.49
532,"Winter Park, Florida",32.22,47.92,11.69,0.97,7.19
533,"Winter Haven, Florida",30.38,43.77,12.74,2.77,10.33
534,"Winter Garden, Florida",27.03,56.75,10.14,0.77,5.31
535,"Windermere, Florida",25.44,62.96,8.37,0.14,3.09
536,"Tarpon Springs, Florida",26.37,45.12,17.06,2.54,8.92
537,"Wilton Manors, Florida",47.69,30.67,12.84,3.01,5.79
538,"Wildwood, Florida",22.13,41.07,19.73,3.51,13.56
539,"White Springs, Florida",26.57,51.21,13.04,5.64,3.54
540,"West Park, Florida",45.81,34.13,9.62,4.44,6.01
541,"West Palm Beach, Florida",40.02,36.92,13.78,2.39,6.89
542,"Weston, Florida",26.19,60.62,8.62,0.87,3.7
543,"West Miami, Florida",30.26,40.21,18.79,3.21,7.54
544,"Williston, Florida",40.09,33.56,16.92,2.18,7.25
545,"Port St. Joe, Florida",25.21,48.4,15.46,1.24,9.69
546,"Tampa, Florida",41.1,37.78,13.26,2.71,5.15
547,"Tallahassee, Florida",55.86,29.89,9.54,1.24,3.47
548,"Punta Gorda, Florida",12.48,63.25,11.08,0.86,12.33
549,"Quincy, Florida",43.74,32.15,12.18,3.05,8.89
550,"Riviera Beach, Florida",42.91,36.06,12.04,2.57,6.43
551,"Rockledge, Florida",24.57,54.6,12.53,1.34,6.96
552,"Safety Harbor, Florida",23.97,51.2,16.03,0.87,7.94
553,"Sanibel, Florida",12.33,71.21,6.22,1.46,8.78
554,"Sarasota, Florida",32.91,38.84,17.14,2.33,8.78
555,"Satellite Beach, Florida",20.0,61.0,11.06,0.84,7.1
556,"Sebastian, Florida",22.79,53.68,12.12,1.04,10.36
557,"Sebring, Florida",30.92,42.21,13.02,3.03,10.82
558,"Seminole, Florida",20.69,49.25,15.58,1.02,13.46
559,"Sewall's Point, Florida",16.7,59.88,12.72,1.26,9.44
560,"Sneads, Florida",36.02,29.43,20.28,5.12,9.15
561,"South Bay, Florida",60.01,17.35,16.73,3.8,2.11
562,"South Daytona, Florida",33.68,36.31,17.99,2.14,9.88
563,"South Miami, Florida",39.57,41.69,11.37,3.11,4.26
564,"Sweetwater, Florida",32.93,38.67,16.48,4.48,7.45
565,"Surfside, Florida",18.08,50.67,18.03,2.82,10.39
566,"Sunrise, Florida",34.29,43.23,13.67,1.94,6.87
567,"Sunny Isles Beach, Florida",27.0,46.86,14.99,3.46,7.68
568,"Stuart, Florida",29.59,39.47,19.06,2.82,9.06
569,"St. Petersburg, Florida",37.17,38.58,14.99,2.16,7.1
570,"Tamarac, Florida",29.64,41.05,16.03,3.17,10.12
571,"St. Pete Beach, Florida",18.64,56.37,15.63,0.53,8.83
572,"St. Augustine Beach, Florida",26.84,55.98,10.32,0.78,6.07
573,"St. Augustine, Florida",44.23,34.21,14.6,0.87,6.08
574,"Starke, Florida",31.17,38.01,14.92,3.02,12.88
575,"Springfield, Florida",32.63,32.43,20.08,4.74,10.13
576,"Southwest Ranches, Florida",29.26,56.09,9.5,0.44,4.71
577,"Zephyrhills, Florida",21.82,49.49,15.1,2.13,11.46
578,"St. Cloud, Florida",31.1,46.61,14.02,2.5,5.77
579,"Maitland, Florida",35.52,46.13,11.12,1.45,5.77
580,"South Pasadena, Florida",21.04,30.69,22.8,1.65,23.82
581,"Lynn Haven, Florida",26.29,53.08,11.37,2.54,6.72
582,"Clewiston, Florida",39.76,40.34,8.75,4.85,6.31
583,"Cocoa, Florida",34.42,41.28,14.66,3.03,6.61
584,"Cocoa Beach, Florida",21.94,51.09,15.56,1.99,9.41
585,"Coconut Creek, Florida",29.11,46.08,14.41,2.68,7.73
586,"Cooper City, Florida",29.98,55.17,9.5,1.2,4.15
587,"Coral Gables, Florida",36.59,48.32,9.02,1.06,5.02
588,"Coral Springs, Florida",33.08,48.66,11.68,2.73,3.86
589,"Crescent City, Florida",28.94,38.32,17.61,1.86,13.27
590,"Crestview, Florida",27.93,50.49,13.95,2.65,4.98
591,"Cross City, Florida",33.29,39.69,17.39,2.2,7.43
592,"Cutler Bay, Florida",33.26,44.96,14.29,2.99,4.5
593,"Dade City, Florida",35.77,36.5,15.14,3.03,9.55
594,"Dania Beach, Florida",37.83,37.41,16.54,2.25,5.97
595,"Davenport, Florida",32.86,51.15,8.1,2.43,5.45
596,"Davie, Florida",36.13,43.53,13.87,1.69,4.77
597,"Daytona Beach, Florida",41.51,30.77,16.55,3.02,8.15
598,"Daytona Beach Shores, Florida",14.22,53.99,15.9,0.78,15.12
599,"Fernandina Beach, Florida",23.41,51.75,12.25,0.87,11.73
600,"Fellsmere, Florida",42.23,42.0,8.8,4.74,2.23
601,"Eustis, Florida",29.11,48.66,11.47,2.63,8.13
602,"Edgewood, Florida",31.74,49.19,12.54,0.75,5.79
603,"Edgewater, Florida",23.63,46.95,17.5,1.97,9.95
604,"Clermont, Florida",24.31,56.37,11.42,0.93,6.98
605,"Eatonville, Florida",57.87,19.02,13.96,2.86,6.29
606,"Dunedin, Florida",22.86,46.59,17.23,2.02,11.29
607,"Doral, Florida",29.57,53.3,12.26,1.94,2.92
608,"Delray Beach, Florida",35.54,38.72,14.59,2.48,8.67
609,"DeLand, Florida",32.2,43.24,13.44,1.59,9.52
610,"DeFuniak Springs, Florida",28.53,47.09,15.06,1.73,7.59
611,"Deerfield Beach, Florida",34.39,38.61,15.51,3.03,8.47
612,"Dunnellon, Florida",21.83,43.76,22.63,1.88,9.89
613,"Flagler Beach, Florida",18.25,61.26,9.57,0.44,10.47
614,"Clearwater, Florida",31.14,42.46,14.9,2.76,8.74
615,"Chattahoochee, Florida",55.63,23.41,14.35,2.0,4.61
616,"Madeira Beach, Florida",20.1,53.79,16.93,1.31,7.86
617,"Alachua, Florida",26.64,56.86,11.37,1.45,3.69
618,"Altamonte Springs, Florida",36.88,38.4,16.15,2.41,6.16
619,"Apopka, Florida",30.87,51.04,11.14,1.7,5.25
620,"Arcadia, Florida",36.63,37.37,15.73,2.08,8.19
621,"Astatula, Florida",29.52,54.06,9.89,2.61,3.91
622,"Atlantic Beach, Florida",30.05,46.79,14.18,1.81,7.17
623,"Atlantis, Florida",21.05,55.16,9.47,1.32,13.01
624,"Auburndale, Florida",28.11,49.15,14.1,2.39,6.26
625,"Aventura, Florida",22.93,49.83,17.12,1.52,8.61
626,"Bartow, Florida",33.29,44.63,12.1,2.65,7.33
627,"Bay Harbor Islands, Florida",25.14,47.86,20.79,1.05,5.15
628,"Belleair, Florida",21.32,56.12,10.93,0.63,10.99
629,"Belleair Beach, Florida",17.17,62.39,9.12,2.42,8.9
630,"Belleair Bluffs, Florida",22.62,49.15,17.45,2.22,8.55
631,"Belle Glade, Florida",45.31,32.05,10.42,5.53,6.69
632,"Belle Isle, Florida",25.23,62.55,7.61,0.75,3.86
633,"Center Hill, Florida",43.29,31.05,11.45,2.76,11.45
634,"Cedar Key, Florida",26.38,52.47,16.78,0.0,4.37
635,"Casselberry, Florida",35.28,41.15,14.6,2.57,6.39
636,"Cape Coral, Florida",24.98,51.32,14.14,1.91,7.66
637,"Bunnell, Florida",32.99,35.8,15.67,1.36,14.18
638,"Brooksville, Florida",26.74,41.38,16.91,2.73,12.25
639,"Chipley, Florida",39.92,31.25,17.11,4.46,7.25
640,"Bradenton Beach, Florida",20.05,53.77,17.73,1.16,7.3
641,"Boynton Beach, Florida",34.9,41.96,12.93,2.26,7.95
642,"Bowling Green, Florida",42.63,43.3,10.59,0.76,2.72
643,"Boca Raton, Florida",30.44,49.12,11.93,1.08,7.42
644,"Blountstown, Florida",28.94,36.01,16.28,1.96,16.8
645,"Belleview, Florida",28.59,30.28,21.71,3.83,15.6
646,"Bradenton, Florida",31.87,41.31,15.72,1.87,9.24
647,"Florida City, Florida",49.41,30.27,10.81,5.12,4.39
648,"Bonifay, Florida",29.2,41.41,15.12,2.82,11.46
649,"Fort Myers, Florida",34.56,41.1,14.93,2.31,7.1
650,"Juno Beach, Florida",11.98,53.55,18.85,2.74,12.88
651,"Jupiter, Florida",25.9,53.2,12.74,1.42,6.74
652,"Jupiter Inlet Colony, Florida",19.63,59.69,9.42,0.52,10.73
653,"Jupiter Island, Florida",25.31,53.85,6.95,3.85,10.05
654,"Kenneth City, Florida",33.67,38.78,15.63,1.56,10.36
655,"Key West, Florida",31.25,46.01,16.36,1.38,5.0
656,"Kissimmee, Florida",39.3,41.77,11.19,3.49,4.26
657,"Lady Lake, Florida",14.69,54.62,13.62,1.96,15.11
658,"Lake Alfred, Florida",34.45,46.21,10.42,5.27,3.66
659,"Lake City, Florida",34.31,35.1,20.39,3.82,6.39
660,"Lake Clarke Shores, Florida",21.29,47.98,14.6,6.07,10.05
661,"Lake Hamilton, Florida",32.23,47.79,10.58,3.16,6.24
662,"Lakeland, Florida",34.46,42.04,12.9,2.12,8.48
663,"Lake Mary, Florida",22.86,60.18,9.86,0.29,6.8
664,"Lake Park, Florida",40.22,40.14,11.51,3.86,4.27
665,"Fort Lauderdale, Florida",39.56,36.37,15.49,2.5,6.08
666,"Longwood, Florida",31.32,46.2,13.72,0.86,7.9
667,"Live Oak, Florida",27.37,36.99,22.23,5.63,7.78
668,"Lighthouse Point, Florida",22.09,58.25,11.81,1.37,6.48
669,"Leesburg, Florida",32.31,42.53,12.76,2.26,10.14
670,"Lawtey, Florida",41.44,37.5,13.04,4.08,3.94
671,"Jennings, Florida",23.27,55.14,6.08,6.71,8.81
672,"Lauderhill, Florida",42.94,33.6,14.07,2.77,6.61
673,"Lauderdale-by-the-Sea, Florida",20.15,51.21,15.02,1.74,11.87
674,"Largo, Florida",28.48,41.94,18.24,2.05,9.29
675,"Lantana, Florida",40.8,38.02,12.0,1.94,7.24
676,"Lake Worth, Florida",42.42,34.39,14.85,3.15,5.19
677,"Lake Wales, Florida",28.74,45.97,12.62,3.57,9.1
678,"Lake Placid, Florida",31.48,42.91,13.37,4.34,7.89
679,"Lauderdale Lakes, Florida",41.93,38.41,11.03,3.35,5.28
680,"Jay, Florida",21.97,54.37,10.42,1.97,11.27
681,"Lake Helen, Florida",23.3,50.61,15.0,0.88,10.2
682,"Jacksonville Beach, Florida",28.65,47.25,15.81,1.89,6.39
683,"Haines City, Florida",35.75,46.0,10.38,1.49,6.39
684,"Gulf Stream, Florida",16.8,71.36,6.72,0.32,4.8
685,"Gulfport, Florida",27.43,42.19,20.3,2.08,8.01
686,"Gulf Breeze, Florida",19.5,59.14,12.24,1.1,8.02
687,"Groveland, Florida",27.2,50.26,13.91,2.61,6.02
688,"Green Cove Springs, Florida",28.49,45.79,16.56,0.88,8.28
689,"Hallandale Beach, Florida",31.26,40.12,15.36,4.23,9.03
690,"Golden Beach, Florida",24.6,63.71,5.44,1.61,4.64
691,"Gainesville, Florida",62.2,24.45,8.53,1.38,3.43
692,"Fruitland Park, Florida",25.11,51.7,13.71,1.17,8.31
693,"Fort Walton Beach, Florida",29.33,44.1,16.28,2.03,8.26
694,"Jasper, Florida",56.06,21.57,13.98,3.94,4.45
695,"Fort Pierce, Florida",39.54,34.73,14.72,3.01,8.01
696,"Graceville, Florida",39.86,30.21,16.88,3.07,9.98
697,"Havana, Florida",21.4,46.49,16.05,2.46,13.59
698,"Gretna, Florida",38.13,35.57,8.41,5.43,12.46
699,"Indian Shores, Florida",14.64,64.79,7.75,1.03,11.79
700,"Hialeah, Florida",33.23,41.66,12.55,4.55,8.01
701,"Indian Rocks Beach, Florida",22.73,52.58,16.4,0.51,7.78
702,"Indian Harbour Beach, Florida",23.62,50.41,15.46,1.44,9.06
703,"Indialantic, Florida",23.43,53.76,14.62,2.56,5.64
704,"Howey-in-the-Hills, Florida",17.07,58.29,13.41,1.38,9.84
705,"Homestead, Florida",39.32,38.61,13.2,4.12,4.74
706,"Hypoluxo, Florida",21.94,53.15,16.29,1.64,6.98
707,"Jacksonville, Florida",34.94,42.87,13.85,2.55,5.79
708,"Holly Hill, Florida",33.21,36.03,19.89,2.81,8.06
709,"Hillsboro Beach, Florida",11.78,59.48,11.84,2.43,14.47
710,"High Springs, Florida",30.11,55.39,10.84,1.02,2.64
711,"Highland Beach, Florida",11.02,62.47,10.1,0.73,15.68
712,"Hialeah Gardens, Florida",32.91,44.13,12.7,3.11,7.14
713,"Hollywood, Florida",33.66,40.99,15.14,3.8,6.41
714,"Nashville, Georgia",26.36,39.22,17.04,4.34,13.05
715,"Pelham, Georgia",40.36,38.67,8.28,3.72,8.97
716,"Palmetto, Georgia",39.15,36.81,15.36,1.88,6.81
717,"Oxford, Georgia",52.63,32.03,7.96,2.31,5.08
718,"Newnan, Georgia",31.57,48.83,11.11,2.83,5.66
719,"Mount Zion, Georgia",36.87,49.72,6.67,1.78,4.95
720,"Lilburn, Georgia",33.02,52.59,9.03,1.27,4.09
721,"Monroe, Georgia",43.32,31.53,14.76,3.14,7.26
722,"Milton, Georgia",27.13,62.25,6.93,1.02,2.67
723,"Millen, Georgia",30.46,37.78,12.51,9.29,9.96
724,"McDonough, Georgia",40.97,36.51,15.62,2.09,4.81
725,"Marietta, Georgia",38.32,40.14,14.16,2.61,4.77
726,"Manchester, Georgia",36.21,37.6,16.92,2.4,6.87
727,"Pine Mountain, Georgia",36.62,34.6,16.37,3.96,8.45
728,"Morrow, Georgia",47.23,39.61,7.65,3.27,2.24
729,"Pooler, Georgia",26.24,55.53,11.39,1.69,5.15
730,"Waynesboro, Georgia",41.5,41.6,7.66,2.12,7.12
731,"Sandersville, Georgia",34.83,31.23,15.98,5.94,12.02
