,Location,Never_Marrieds,Marrieds,Divorceds,Separateds,Widoweds
0,"La Fayette, Alabama",40.22,35.72,10.89,2.98,10.19
1,"Altoona, Alabama",28.67,40.0,18.18,7.27,5.87
2,"Benton, Alabama",0.0,86.05,0.0,0.0,13.95
3,"Mosses, Alabama",56.11,22.66,7.47,3.8,9.96
4,"Ohatchee, Alabama",15.75,68.01,11.72,0.19,4.32
5,"Saks, Alabama",22.49,47.02,16.7,3.89,9.89
6,"New Brockton, Alabama",27.71,44.25,19.44,0.97,7.63
7,"Madrid, Alabama",24.7,40.49,18.22,1.62,14.98
8,"Oakman, Alabama",31.65,25.72,21.76,6.65,14.21
9,"Toxey, Alabama",21.21,44.44,9.09,0.0,25.25
10,"Sylvan Springs, Alabama",17.65,60.91,12.36,0.89,8.19
11,"Helena, Alabama",25.81,60.36,10.56,0.56,2.72
12,"Hoover, Alabama",25.5,60.26,8.73,0.76,4.74
13,"Midfield, Alabama",40.95,34.26,12.13,6.27,6.39
14,"Vestavia Hills, Alabama",20.82,63.23,8.84,1.18,5.93
15,"Andalusia, Alabama",30.41,41.61,15.05,2.69,10.23
16,"Horn Hill, Alabama",16.75,66.03,10.53,0.0,6.7
17,"Onycha, Alabama",19.28,65.06,10.84,0.0,4.82
18,"Red Level, Alabama",28.46,44.62,11.92,5.38,9.62
19,"Birmingham, Alabama",46.41,28.14,14.64,3.82,6.99
20,"Fort Deposit, Alabama",41.84,34.81,10.79,8.95,3.6
21,"Reece City, Alabama",17.33,61.05,10.65,1.75,9.22
22,"Trafford, Alabama",19.25,52.83,18.68,1.51,7.74
23,"Rock Creek, Alabama",7.85,65.02,18.26,2.83,6.03
24,"Babbie, Alabama",21.72,53.98,13.98,0.86,9.46
25,"Shorter, Alabama",26.39,42.22,8.18,6.86,16.36
26,"Tuskegee, Alabama",63.59,17.75,9.57,3.3,5.79
27,"Clayton, Alabama",46.34,20.83,19.3,8.85,4.67
28,"Heath, Alabama",32.07,40.51,20.25,4.64,2.53
29,"Opp, Alabama",24.97,45.4,13.16,3.31,13.16
30,"Hayneville, Alabama",52.44,26.46,8.29,5.24,7.56
31,"Carrollton, Alabama",40.47,36.24,13.18,3.88,6.24
32,"Boaz, Alabama",26.02,50.13,12.7,1.44,9.72
33,"Rainbow City, Alabama",24.07,51.66,14.66,2.47,7.13
34,"Lowndesboro, Alabama",20.45,56.82,11.36,0.0,11.36
35,"Alexandria, Alabama",18.49,64.01,11.88,0.77,4.85
36,"Brookside, Alabama",24.68,50.46,11.32,2.5,11.04
37,"Forestdale, Alabama",33.35,40.84,15.83,4.04,5.94
38,"Gardendale, Alabama",22.56,57.03,9.99,0.92,9.5
39,"Grayson Valley, Alabama",28.2,38.02,25.66,2.25,5.87
40,"Graysville, Alabama",24.38,47.62,14.68,2.08,11.24
41,"Hueytown, Alabama",26.81,47.89,14.39,3.11,7.79
42,"Berry, Alabama",29.01,56.2,8.94,1.82,4.01
43,"Belk, Alabama",17.12,68.92,6.31,0.0,7.66
44,"Anniston, Alabama",36.13,37.4,13.67,3.81,8.99
45,"Atmore, Alabama",47.98,29.57,13.13,2.22,7.1
46,"Mignon, Alabama",27.4,55.44,7.81,5.12,4.23
47,"Triana, Alabama",28.67,42.14,20.55,4.32,4.32
48,"Meadowbrook, Alabama",23.83,65.33,5.06,0.46,5.31
49,"Dayton, Alabama",12.5,62.5,0.0,18.75,6.25
50,"Demopolis, Alabama",37.46,33.84,16.68,1.52,10.49
51,"Sweet Water, Alabama",25.43,65.52,4.74,0.0,4.31
52,"Huguley, Alabama",29.06,44.74,11.37,5.21,9.62
53,"Shiloh, Alabama",16.54,61.42,13.78,2.36,5.91
54,"Ozark, Alabama",25.86,45.52,15.66,3.85,9.11
55,"Goldville, Alabama",7.14,71.43,0.0,0.0,21.43
56,"Waverly, Alabama",16.06,62.77,18.25,0.0,2.92
57,"Valley, Alabama",33.57,43.67,12.17,2.98,7.62
58,"Littleville, Alabama",18.56,60.17,13.12,3.07,5.08
59,"Bear Creek, Alabama",28.12,54.72,8.39,1.24,7.53
60,"Lexington, Alabama",22.28,60.94,9.9,0.28,6.6
61,"Decatur, Alabama",29.49,45.77,13.37,3.56,7.81
62,"Lincoln, Alabama",25.78,51.9,12.39,4.95,4.98
63,"Woodland, Alabama",20.1,59.28,8.76,1.55,10.31
64,"Fairhope, Alabama",21.07,57.74,11.72,1.71,7.77
65,"Hartselle, Alabama",25.06,57.25,10.38,0.77,6.54
66,"North Johns, Alabama",30.2,37.58,23.49,1.34,7.38
67,"Powell, Alabama",39.65,37.27,11.81,2.6,8.67
68,"Camp Hill, Alabama",52.22,18.7,12.86,9.73,6.49
69,"Lineville, Alabama",34.07,43.81,10.11,3.37,8.64
70,"Heflin, Alabama",26.51,37.52,18.57,5.98,11.43
71,"Akron, Alabama",37.55,34.39,16.21,1.58,10.28
72,"Moundville, Alabama",30.23,46.2,12.46,4.18,6.93
73,"Guntersville, Alabama",24.25,49.53,14.81,2.57,8.83
74,"Pollard, Alabama",13.56,67.8,14.41,0.85,3.39
75,"Orange Beach, Alabama",22.65,57.89,11.47,1.19,6.8
76,"Goshen, Alabama",23.78,54.88,11.59,1.22,8.54
77,"Bay Minette, Alabama",38.99,37.82,14.67,1.91,6.61
78,"Elberta, Alabama",23.22,45.91,19.69,2.53,8.65
79,"Talladega, Alabama",42.02,28.89,14.76,4.35,9.98
80,"New Site, Alabama",29.47,51.88,12.03,1.65,4.96
81,"Wedowee, Alabama",23.51,50.17,10.43,3.31,12.58
82,"Loxley, Alabama",33.95,47.05,13.16,0.93,4.9
83,"Sylvania, Alabama",23.61,55.67,9.21,5.07,6.43
84,"St. Florian, Alabama",18.95,66.05,7.37,0.0,7.63
85,"Somerville, Alabama",19.79,52.13,17.02,3.4,7.66
86,"Oak Grove, Alabama",18.54,56.21,17.16,0.99,7.1
87,"Vincent, Alabama",29.11,41.26,15.67,4.58,9.39
88,"Geraldine, Alabama",12.82,62.89,11.47,2.7,10.12
89,"Point Clear, Alabama",26.63,51.97,10.01,2.5,8.89
90,"Mountain Brook, Alabama",20.81,69.34,4.99,0.15,4.72
91,"Brighton, Alabama",47.72,19.08,18.67,3.74,10.78
92,"Allgood, Alabama",34.07,45.37,12.04,3.52,5.0
93,"Rosa, Alabama",23.57,58.28,10.19,0.32,7.64
94,"Brantley, Alabama",43.24,30.48,12.61,4.35,9.31
95,"Deatsville, Alabama",19.3,68.24,8.84,0.1,3.52
96,"Frisco City, Alabama",34.66,36.97,7.76,6.47,14.14
97,"Courtland, Alabama",30.81,40.44,14.38,2.69,11.69
98,"Aliceville, Alabama",51.29,24.18,9.22,5.12,10.19
99,"Montgomery, Alabama",40.93,37.14,12.68,3.1,6.15
100,"Arley, Alabama",24.12,54.47,11.02,1.25,9.15
101,"Bridgeport, Alabama",27.74,40.29,20.93,1.12,9.91
102,"Pleasant Groves, Alabama",31.29,52.05,4.97,2.92,8.77
103,"Fayette, Alabama",25.57,47.22,14.55,3.62,9.04
104,"Notasulga, Alabama",27.42,51.11,12.14,0.58,8.75
105,"Baileyton, Alabama",15.37,55.86,19.18,3.2,6.39
106,"West Point, Alabama",18.76,67.8,7.46,2.13,3.84
107,"Oak Hill, Alabama",22.73,18.18,9.09,0.0,50.0
108,"Midway, Alabama",66.67,13.09,12.04,1.92,6.28
109,"Lakeview, Alabama",15.09,47.17,16.98,1.89,18.87
110,"Dutton, Alabama",24.1,47.23,11.73,3.58,13.36
111,"Addison, Alabama",17.74,51.94,17.74,1.11,11.46
112,"Billingsley, Alabama",30.56,22.22,13.89,12.04,21.3
113,"Winfield, Alabama",23.88,51.21,8.53,4.5,11.88
114,"Meridianville, Alabama",26.62,57.28,10.36,0.64,5.09
115,"Redstone Arsenal, Alabama",47.58,45.38,6.24,0.26,0.53
116,"Ladonia, Alabama",18.44,49.96,23.76,2.09,5.75
117,"York, Alabama",50.61,29.44,9.11,3.65,7.18
118,"McKenzie, Alabama",37.77,36.03,13.32,3.93,8.95
119,"Columbiana, Alabama",29.62,37.49,15.93,5.0,11.96
120,"Centreville, Alabama",32.66,44.26,12.16,1.29,9.63
121,"Luverne, Alabama",28.72,40.67,15.19,1.05,14.36
122,"Rutledge, Alabama",18.71,43.88,20.75,4.08,12.59
123,"Yellow Bluff, Alabama",63.03,10.08,2.52,10.92,13.45
124,"West Blocton, Alabama",33.7,33.7,19.71,4.21,8.68
125,"Gordo, Alabama",24.82,38.89,19.67,3.97,12.64
126,"Brent, Alabama",47.64,26.93,12.94,5.08,7.4
127,"Section, Alabama",21.57,52.61,14.7,0.96,10.16
128,"Skyline, Alabama",22.77,51.18,12.17,2.75,11.13
129,"South Vinemont, Alabama",32.87,43.31,13.19,1.57,9.06
130,"Carolina, Alabama",14.0,68.5,13.0,1.0,3.5
131,"River Falls, Alabama",32.9,31.05,17.01,2.77,16.27
132,"Gu-Win, Alabama",34.78,47.83,13.04,0.0,4.35
133,"Bon Air, Alabama",22.22,48.61,15.28,4.17,9.72
134,"Waldo, Alabama",29.3,46.05,16.28,0.93,7.44
135,"Newton, Alabama",22.07,47.25,16.35,3.4,10.93
136,"Coffee Springs, Alabama",19.64,46.43,22.62,1.19,10.12
137,"Linden, Alabama",32.71,38.67,10.11,2.27,16.24
138,"Ethelsville, Alabama",39.05,52.38,4.76,0.0,3.81
139,"Pine Apple, Alabama",41.84,44.68,1.42,0.71,11.35
140,"Haleyville, Alabama",24.98,39.59,23.13,1.24,11.07
141,"County Line, Alabama",11.54,72.12,9.62,0.96,5.77
142,"Nauvoo, Alabama",18.18,51.05,16.08,4.9,9.79
143,"Holt, Alabama",39.8,39.74,11.73,1.65,7.07
144,"Northport, Alabama",34.03,47.18,11.21,0.71,6.87
145,"Hillsboro, Alabama",34.88,44.9,13.73,1.11,5.38
146,"Highland Lake, Alabama",12.5,62.18,12.18,2.24,10.9
147,"Elmore, Alabama",37.59,38.39,12.13,1.04,10.84
148,"Tallassee, Alabama",36.05,36.19,10.25,4.71,12.8
149,"Elkmont, Alabama",16.62,60.61,15.86,1.28,5.63
150,"Trussville, Alabama",18.24,62.87,11.11,0.97,6.81
151,"Elba, Alabama",30.36,42.32,14.56,3.25,9.51
152,"Columbia, Alabama",19.93,54.5,15.52,2.29,7.76
153,"Grand Bay, Alabama",17.68,56.93,15.19,3.4,6.8
154,"McDonald Chapel, Alabama",31.16,35.23,17.72,9.16,6.72
155,"Sipsey, Alabama",31.43,42.54,13.33,5.08,7.62
156,"Pelham, Alabama",27.72,55.22,12.39,0.74,3.93
157,"Edgewater, Alabama",23.26,51.94,14.92,4.65,5.23
158,"Vance, Alabama",24.79,58.3,9.81,0.46,6.64
159,"Nectar, Alabama",14.23,69.51,6.91,2.85,6.5
160,"Alexander City, Alabama",29.05,46.19,14.01,2.4,8.35
161,"Taylor, Alabama",19.96,52.02,18.33,4.76,4.93
162,"Webb, Alabama",23.97,54.3,13.72,1.98,6.03
163,"Bayou La Batre, Alabama",39.25,40.19,13.61,2.04,4.92
164,"Mooresville, Alabama",16.0,65.33,10.67,0.0,8.0
165,"Tillmans Corner, Alabama",28.31,48.64,15.58,2.42,5.04
166,"Carbon Hill, Alabama",21.81,34.67,24.15,4.17,15.2
167,"Tuscaloosa, Alabama",52.29,32.0,9.34,1.88,4.49
168,"Oneonta, Alabama",18.34,55.32,13.36,1.84,11.14
169,"Susan Moore, Alabama",25.56,57.46,8.73,0.48,7.78
170,"Fulton, Alabama",30.73,45.81,12.85,0.0,10.61
171,"Gaylesville, Alabama",17.95,64.74,8.33,0.0,8.97
172,"Glenwood, Alabama",18.38,65.95,1.62,0.0,14.05
173,"Marion, Alabama",47.97,15.03,24.14,1.91,10.95
174,"Langston, Alabama",10.53,59.81,19.62,1.44,8.61
175,"Hazel Green, Alabama",23.83,54.87,14.1,0.44,6.76
176,"Madison, Alabama",27.91,58.7,8.56,1.08,3.75
177,"Edwardsville, Alabama",9.42,64.49,13.77,0.0,12.32
178,"Lake View, Alabama",35.39,53.42,7.51,0.43,3.25
179,"Snead, Alabama",17.34,60.83,11.88,2.09,7.87
180,"Robertsdale, Alabama",22.11,45.54,17.2,3.84,11.32
181,"Garden City, Alabama",22.79,50.88,10.18,2.88,13.27
182,"Georgiana, Alabama",37.46,27.17,15.77,3.33,16.27
183,"Ider, Alabama",17.12,53.42,17.64,3.42,8.39
184,"Pine Ridge, Alabama",20.0,61.22,14.29,1.22,3.27
185,"Sand Rock, Alabama",20.8,58.9,9.02,0.0,11.28
186,"Valley Head, Alabama",32.67,39.38,18.69,2.0,7.26
187,"Waterloo, Alabama",16.78,48.32,24.83,0.0,10.07
188,"Eva, Alabama",19.25,64.16,11.28,0.66,4.65
189,"Falkville, Alabama",21.99,44.42,13.81,1.36,18.41
190,"Priceville, Alabama",19.84,62.3,8.69,2.03,7.13
191,"Fyffe, Alabama",21.12,52.29,14.84,1.2,10.56
192,"Childersburg, Alabama",27.2,45.12,17.39,0.71,9.57
193,"Avon, Alabama",23.51,55.3,16.02,0.0,5.17
194,"West End-Cobb Town, Alabama",25.99,39.91,17.17,7.1,9.82
195,"Kinston, Alabama",32.77,39.5,19.66,1.68,6.39
196,"Rehobeth, Alabama",25.86,57.34,11.25,0.58,4.97
197,"Ardmore, Alabama",23.39,43.14,23.68,1.53,8.25
198,"Athens, Alabama",30.19,46.43,12.31,2.25,8.83
199,"Citronelle, Alabama",24.97,49.34,12.74,4.42,8.53
200,"Dauphin Island, Alabama",16.03,64.02,14.43,0.8,4.72
201,"Attalla, Alabama",27.75,44.45,16.34,4.19,7.26
202,"Fort Payne, Alabama",29.8,44.66,16.27,2.29,6.98
203,"Mentone, Alabama",10.99,57.09,18.44,0.71,12.77
204,"Steele, Alabama",17.34,54.93,14.24,2.46,11.03
205,"Homewood, Alabama",38.97,47.35,8.76,1.21,3.7
206,"Irondale, Alabama",35.53,41.12,14.68,3.06,5.61
207,"Wilsonville, Alabama",24.88,51.26,14.77,2.78,6.31
208,"Sardis City, Alabama",22.61,59.55,9.22,1.59,7.03
209,"White Hall, Alabama",42.56,33.28,6.56,4.32,13.28
210,"Mulga, Alabama",23.99,44.27,17.49,3.41,10.84
211,"Monroeville, Alabama",40.98,37.21,10.09,3.23,8.48
212,"Minor, Alabama",26.15,60.84,9.67,1.36,1.98
213,"Tarrant, Alabama",42.96,28.46,15.59,4.0,8.99
214,"Florence, Alabama",34.56,41.15,13.45,1.92,8.92
215,"Hamilton, Alabama",26.71,52.45,12.52,0.9,7.42
216,"Banks, Alabama",40.87,24.35,26.09,5.22,3.48
217,"Wadley, Alabama",57.4,26.16,10.01,1.94,4.48
218,"Wilton, Alabama",37.25,38.31,10.86,4.83,8.75
219,"Lanett, Alabama",36.61,33.72,14.89,3.06,11.72
220,"Tuscumbia, Alabama",28.5,48.62,13.88,0.91,8.09
221,"Boligee, Alabama",68.01,8.42,10.1,3.37,10.1
222,"Malvern, Alabama",26.9,50.59,16.38,0.63,5.51
223,"Thorsby, Alabama",22.35,57.46,10.36,0.07,9.77
224,"Cardiff, Alabama",4.35,91.3,4.35,0.0,0.0
225,"Mobile, Alabama",39.54,36.44,13.42,3.22,7.39
226,"Argo, Alabama",21.02,63.3,11.0,3.76,0.91
227,"Bessemer, Alabama",41.88,29.25,15.34,3.96,9.57
228,"Napier Field, Alabama",40.37,39.13,13.04,1.24,6.21
229,"Fairview, Alabama",19.95,57.18,8.24,4.26,10.37
230,"Vredenburgh, Alabama",63.84,15.72,6.92,7.23,6.29
231,"Scottsboro, Alabama",22.56,52.95,12.17,2.97,9.34
232,"Eufaula, Alabama",35.39,42.06,10.84,2.87,8.84
233,"Warrior, Alabama",24.64,47.57,13.09,2.67,12.03
234,"Double Springs, Alabama",28.48,32.42,19.64,3.85,15.6
235,"Natural Bridge, Alabama",28.57,50.0,21.43,0.0,0.0
236,"Selmont-West Selmont, Alabama",51.91,20.57,12.32,8.67,6.52
237,"North Courtland, Alabama",44.96,28.67,9.91,5.31,11.15
238,"Margaret, Alabama",30.35,53.55,12.97,2.58,0.54
239,"Killen, Alabama",21.49,58.91,11.74,2.41,5.45
240,"McIntosh, Alabama",29.5,54.04,8.07,6.52,1.86
241,"Muscle Shoals, Alabama",25.12,53.54,11.78,1.41,8.14
242,"Forkland, Alabama",46.29,26.69,5.93,7.25,13.84
243,"Albertville, Alabama",25.94,51.3,12.86,1.79,8.11
244,"Hartford, Alabama",29.12,41.57,15.65,5.39,8.27
245,"Gilbertown, Alabama",36.64,36.64,15.27,2.29,9.16
246,"Lisman, Alabama",30.49,44.51,14.63,3.46,6.91
247,"Daleville, Alabama",29.43,39.21,18.74,3.41,9.2
248,"Fairfield, Alabama",46.12,25.55,14.83,4.14,9.35
249,"Douglas, Alabama",27.18,47.95,12.82,5.77,6.28
250,"Town Creek, Alabama",20.38,45.47,21.91,5.77,6.48
251,"Leeds, Alabama",24.12,55.41,12.45,1.35,6.67
252,"Lipscomb, Alabama",36.73,37.46,14.29,3.49,8.03
253,"Sumiton, Alabama",22.47,48.31,18.76,1.51,8.94
254,"West Jefferson, Alabama",17.18,53.52,16.06,0.56,12.68
255,"Needham, Alabama",21.36,56.31,10.68,0.97,10.68
256,"Silas, Alabama",33.73,42.91,13.17,3.19,6.99
257,"Jacksonville, Alabama",51.44,30.97,10.09,2.59,4.9
258,"Weaver, Alabama",19.11,58.07,12.12,2.85,7.85
259,"Gordon, Alabama",36.57,40.28,8.8,2.31,12.04
260,"Faunsdale, Alabama",59.38,15.62,12.5,0.0,12.5
261,"Ariton, Alabama",36.64,33.57,14.98,2.17,12.64
262,"Clayhatchee, Alabama",23.08,50.0,17.79,4.81,4.33
263,"Level Plains, Alabama",25.61,60.82,6.89,1.89,4.8
264,"Newbern, Alabama",25.62,59.38,6.25,0.0,8.75
265,"Phil Campbell, Alabama",26.45,46.15,15.67,3.1,8.63
266,"Blue Ridge, Alabama",16.68,59.7,7.62,0.0,16.0
267,"Millbrook, Alabama",30.66,51.84,11.74,1.19,4.58
268,"Prattville, Alabama",25.91,55.31,11.89,1.17,5.72
269,"Wetumpka, Alabama",33.73,39.33,15.59,1.45,9.9
270,"Rockford, Alabama",28.6,29.97,18.49,13.18,9.76
271,"Concord, Alabama",30.8,51.29,9.23,3.26,5.43
272,"Adamsville, Alabama",28.21,45.49,13.89,2.47,9.95
273,"Parrish, Alabama",31.65,44.94,13.29,2.47,7.65
274,"Flomaton, Alabama",36.04,34.4,19.66,2.57,7.33
275,"Five Points, Alabama",36.65,36.2,14.03,0.9,12.22
276,"Oxford, Alabama",24.41,54.08,13.06,1.65,6.8
277,"Cowarts, Alabama",29.65,51.54,10.95,1.94,5.93
278,"Prichard, Alabama",46.97,25.8,11.06,6.54,9.63
279,"Satsuma, Alabama",18.04,60.91,10.5,1.73,8.81
280,"Maytown, Alabama",25.94,50.75,10.9,1.5,10.9
281,"Morris, Alabama",19.02,60.28,12.83,0.32,7.54
282,"Pleasant Grove, Alabama",24.45,52.7,14.97,0.78,7.1
283,"Glencoe, Alabama",12.74,68.14,12.07,0.0,7.05
284,"Hokes Bluff, Alabama",25.33,48.63,16.8,0.73,8.5
285,"Gordonville, Alabama",41.25,17.5,20.62,8.75,11.88
286,"Lockhart, Alabama",28.21,41.03,20.94,2.56,7.26
287,"Autaugaville, Alabama",38.73,39.51,9.2,3.11,9.46
288,"Arab, Alabama",23.31,49.7,15.55,2.09,9.34
289,"Pell City, Alabama",24.98,50.4,17.39,1.79,5.45
290,"Rogersville, Alabama",26.93,45.83,14.43,3.66,9.15
291,"Sheffield, Alabama",28.87,40.47,17.47,2.17,11.02
292,"Brilliant, Alabama",26.48,45.9,15.64,2.52,9.46
293,"Brewton, Alabama",27.0,41.84,16.41,3.18,11.57
294,"Harvest, Alabama",28.21,51.63,12.27,4.32,3.56
295,"Eclectic, Alabama",35.16,39.24,17.07,1.78,6.75
296,"Owens Cross Roads, Alabama",26.33,50.92,13.57,0.92,8.26
297,"Brookwood, Alabama",24.42,55.44,12.69,1.92,5.53
298,"Walnut Grove, Alabama",28.59,47.48,11.38,3.49,9.06
299,"Dothan, Alabama",31.5,43.84,14.41,2.66,7.59
300,"Kinsey, Alabama",34.09,42.76,12.6,5.13,5.42
301,"Theodore, Alabama",25.08,52.59,14.06,1.93,6.33
302,"Eldridge, Alabama",34.65,57.43,0.99,0.0,6.93
303,"Jasper, Alabama",25.85,48.22,13.75,2.94,9.24
304,"Kansas, Alabama",28.48,44.37,9.93,7.28,9.93
305,"Fultondale, Alabama",22.04,55.84,12.91,2.01,7.2
306,"Foley, Alabama",28.94,40.26,15.4,2.1,13.3
307,"Underwood-Petersville, Alabama",18.9,57.53,12.6,1.83,9.13
308,"Guin, Alabama",25.01,47.09,16.72,3.92,7.26
309,"Daphne, Alabama",27.94,52.04,13.43,1.17,5.42
310,"Silverhill, Alabama",14.21,59.53,12.95,0.72,12.59
311,"Leesburg, Alabama",16.23,64.81,11.12,1.14,6.7
312,"Rainsville, Alabama",23.79,51.37,15.42,2.42,7.0
313,"Piedmont, Alabama",20.65,52.19,13.45,2.72,11.0
314,"Huntsville, Alabama",34.33,44.78,12.74,2.08,6.08
315,"Castleberry, Alabama",29.61,38.04,13.21,7.74,11.39
316,"Abbeville, Alabama",32.26,40.99,10.71,3.23,12.81
317,"Greenville, Alabama",38.3,35.78,14.26,3.62,8.04
318,"Evergreen, Alabama",46.13,28.04,12.37,2.31,11.15
319,"East Brewton, Alabama",39.23,36.98,10.3,6.72,6.77
320,"Hurtsboro, Alabama",26.96,41.61,14.44,6.79,10.19
321,"Haleburg, Alabama",23.33,66.67,4.17,5.0,0.83
322,"Newville, Alabama",23.33,39.7,17.27,3.94,15.76
323,"Louisville, Alabama",32.25,41.75,11.0,8.0,7.0
324,"Orrville, Alabama",39.29,37.5,12.5,5.36,5.36
325,"Cuba, Alabama",13.07,58.52,13.64,5.68,9.09
326,"Gainesville, Alabama",44.17,39.17,13.33,1.67,1.67
327,"Libertyville, Alabama",16.42,64.18,17.91,0.0,1.49
328,"Alabaster, Alabama",25.46,59.42,8.69,1.57,4.87
329,"Harpersville, Alabama",20.1,54.88,12.55,4.92,7.55
330,"Gantt, Alabama",8.93,66.07,11.61,0.0,13.39
331,"Glen Allen, Alabama",18.13,51.65,17.86,0.55,11.81
332,"Franklin, Alabama",25.47,47.2,19.88,4.35,3.11
333,"Blue Springs, Alabama",20.45,61.36,6.82,6.82,4.55
334,"Hobson City, Alabama",44.65,36.41,7.08,4.94,6.92
335,"Cottonwood, Alabama",24.24,42.39,17.44,2.43,13.49
336,"Chickasaw, Alabama",39.44,32.8,15.07,5.12,7.56
337,"Saraland, Alabama",27.69,51.44,11.73,2.56,6.59
338,"Cordova, Alabama",22.21,48.51,15.88,2.23,11.17
339,"New Market, Alabama",24.64,57.94,4.22,0.0,13.21
340,"Repton, Alabama",24.55,42.86,7.59,4.02,20.98
341,"New Hope, Alabama",21.33,53.42,18.33,2.29,4.63
342,"Gurley, Alabama",24.83,45.95,17.4,1.52,10.3
343,"Auburn, Alabama",55.21,35.95,6.12,0.82,1.9
344,"Opelika, Alabama",33.76,43.69,12.71,2.95,6.9
345,"Leighton, Alabama",41.61,31.92,16.34,2.94,7.19
346,"Fort Rucker, Alabama",34.62,61.48,3.08,0.09,0.74
347,"Midland City, Alabama",32.08,42.73,11.09,5.01,9.09
348,"Black, Alabama",13.84,76.1,8.18,0.0,1.89
349,"Geneva, Alabama",29.53,42.77,15.09,3.68,8.93
350,"Jacksons' Gap, Alabama",16.17,56.23,20.92,1.78,4.9
351,"Maplesville, Alabama",27.46,40.24,22.63,3.97,5.7
352,"Odenville, Alabama",17.18,58.59,11.8,3.51,8.92
353,"Brundidge, Alabama",47.37,28.04,11.52,3.45,9.61
354,"Roanoke, Alabama",28.09,38.2,15.68,3.18,14.85
355,"Rock Mills, Alabama",49.88,32.79,2.81,3.75,10.77
356,"Russellville, Alabama",33.28,45.97,9.65,3.34,7.76
357,"Vina, Alabama",22.48,50.0,21.81,0.67,5.03
358,"Providence, Alabama",35.06,50.57,10.34,1.15,2.87
359,"Grant, Alabama",16.01,59.02,13.03,3.93,8.01
360,"Daviston, Alabama",18.63,60.25,6.83,1.24,13.04
361,"Clanton, Alabama",31.12,41.55,17.45,0.55,9.34
362,"Moores Mill, Alabama",25.18,49.88,13.32,2.63,9.0
363,"Excel, Alabama",27.76,55.26,11.97,0.79,4.21
364,"Pine Hill, Alabama",42.35,38.79,5.1,6.34,7.42
365,"Spruce Pine, Alabama",32.21,18.79,48.99,0.0,0.0
366,"Woodstock, Alabama",34.51,49.31,8.32,2.25,5.62
367,"Westover, Alabama",13.53,65.29,16.47,0.76,3.95
368,"Valley Grande, Alabama",27.55,58.11,7.61,2.4,4.34
369,"Center Point, Alabama",37.05,35.29,15.94,5.05,6.67
370,"Smiths Station, Alabama",25.62,49.35,13.61,3.54,7.89
371,"Gadsden, Alabama",34.82,35.46,16.7,3.13,9.89
372,"Abanda, Alabama",9.82,60.12,0.0,0.0,30.06
373,"Mount Vernon, Alabama",39.72,38.56,9.97,3.83,7.93
374,"Pennington, Alabama",27.65,39.59,18.43,3.75,10.58
375,"Union, Alabama",55.93,17.78,10.0,2.59,13.7
376,"Red Bay, Alabama",27.18,40.49,15.41,2.55,14.36
377,"Stockton, Alabama",20.47,50.49,16.96,9.55,2.53
378,"Stapleton, Alabama",11.25,70.42,10.13,2.13,6.08
379,"Perdido, Alabama",23.2,45.1,27.12,1.96,2.61
380,"Samson, Alabama",27.17,40.24,18.61,3.93,10.05
381,"Lillian, Alabama",18.2,67.95,8.68,0.0,5.18
382,"Axis, Alabama",22.56,64.14,3.79,0.0,9.52
383,"Belgreen, Alabama",0.0,46.67,43.33,0.0,10.0
384,"Chelsea, Alabama",18.16,68.98,8.7,0.71,3.45
385,"Ashville, Alabama",30.04,48.14,10.33,1.56,9.93
386,"Ashland, Alabama",24.55,36.14,19.28,4.96,15.07
387,"Ashford, Alabama",30.97,49.26,9.46,3.01,7.29
388,"Carlisle-Rockledge, Alabama",25.71,51.36,19.34,0.4,3.18
389,"Calvert, Alabama",31.19,14.15,24.76,0.0,29.9
390,"Ballplay, Alabama",21.33,63.91,10.15,0.0,4.61
391,"Bucks, Alabama",0.0,100.0,0.0,0.0,0.0
392,"Brook Highland, Alabama",35.62,46.87,12.25,2.02,3.24
393,"Bristow Cove, Alabama",24.7,46.61,17.22,0.0,11.48
394,"Brantleyville, Alabama",34.09,37.83,21.26,0.0,6.82
395,"Boykin, Alabama",66.41,6.25,0.0,22.66,4.69
396,"Belle Fontaine, Alabama",25.51,44.47,24.38,0.0,5.64
397,"Bellamy, Alabama",49.74,19.21,12.37,4.47,14.21
398,"Broomtown, Alabama",31.21,52.23,5.1,0.0,11.46
399,"Bon Secour, Alabama",9.48,51.16,30.1,0.0,9.26
400,"Kimberly, Alabama",22.36,62.81,8.12,0.54,6.16
401,"Cottondale, Alabama",34.8,44.35,11.23,1.98,7.65
402,"Stewartville, Alabama",23.51,52.64,8.95,1.8,13.11
403,"Sterrett, Alabama",16.3,46.08,26.83,1.28,9.5
404,"Tidmore Bend, Alabama",19.14,63.44,8.8,2.68,5.93
405,"Standing Rock, Alabama",5.93,94.07,0.0,0.0,0.0
406,"Spring Garden, Alabama",31.35,49.73,8.65,0.0,10.27
407,"Sims Chapel, Alabama",40.0,60.0,0.0,0.0,0.0
408,"Tibbie, Alabama",17.78,46.67,0.0,35.56,0.0
409,"Shoal Creek, Alabama",20.77,66.61,6.5,0.55,5.58
410,"Loachapoka, Alabama",43.33,38.1,8.57,8.57,1.43
411,"Dadeville, Alabama",32.43,42.72,12.62,3.18,9.05
412,"Pickensville, Alabama",37.52,40.51,10.16,1.79,10.01
413,"Talladega Springs, Alabama",25.52,40.0,18.62,7.59,8.28
414,"Calera, Alabama",22.92,56.53,14.15,2.2,4.19
415,"Coosada, Alabama",25.89,51.13,10.03,4.1,8.85
416,"Vernon, Alabama",29.28,45.88,15.14,1.39,8.3
417,"Uriah, Alabama",22.13,66.8,5.53,0.0,5.53
418,"Vandiver, Alabama",22.89,53.02,16.01,2.73,5.34
419,"Vinegar Bend, Alabama",5.19,88.96,0.0,0.0,5.84
420,"Semmes, Alabama",23.41,52.14,10.5,3.22,10.73
421,"Morrison Crossroads, Alabama",4.41,72.69,22.91,0.0,0.0
422,"Joppa, Alabama",28.87,43.15,4.12,0.0,23.86
423,"Riverside, Alabama",18.71,57.42,14.89,0.74,8.24
424,"Good Hope, Alabama",22.05,60.83,12.33,0.25,4.54
425,"Moody, Alabama",22.53,54.53,13.3,2.57,7.07
426,"Kellyton, Alabama",26.63,44.97,15.38,0.59,12.43
427,"Twin, Alabama",21.95,54.86,10.22,3.49,9.48
428,"Pinson, Alabama",22.2,60.13,11.08,0.71,5.88
429,"Munford, Alabama",26.13,39.87,20.08,3.36,10.57
430,"Cusseta, Alabama",14.43,64.95,5.15,2.06,13.4
431,"Whitesboro, Alabama",24.35,53.18,13.58,0.43,8.46
432,"White Plains, Alabama",15.85,64.0,8.92,0.0,11.23
433,"Whatley, Alabama",11.8,78.65,0.0,0.0,9.55
434,"Weogufka, Alabama",23.77,69.96,6.28,0.0,0.0
435,"Bakerhill, Alabama",10.19,71.3,7.41,6.48,4.63
436,"Butler, Alabama",28.17,44.64,8.54,7.93,10.71
437,"Camden, Alabama",45.47,33.29,11.69,1.31,8.23
438,"Clio, Alabama",30.12,38.24,11.97,5.09,14.58
439,"Millerville, Alabama",16.46,31.65,48.1,0.0,3.8
440,"Megargel, Alabama",0.0,100.0,0.0,0.0,0.0
441,"Marbury, Alabama",27.77,52.34,13.15,1.81,4.93
442,"Malcolm, Alabama",95.65,0.0,4.35,0.0,0.0
443,"Macedonia, Alabama",20.0,26.49,35.14,3.24,15.14
444,"Lookout Mountain, Alabama",33.15,48.85,9.74,0.0,8.25
445,"Mount Olive CDP (Coosa County), Alabama",0.0,79.13,10.0,0.0,10.87
446,"Leroy, Alabama",23.47,43.71,23.47,0.0,9.35
447,"Holtville, Alabama",17.57,60.35,11.35,4.24,6.5
448,"Hollis Crossroads, Alabama",22.08,47.77,16.99,0.0,13.16
449,"Hollins, Alabama",17.72,60.94,7.79,0.0,13.56
450,"Hobson, Alabama",27.21,61.9,6.12,0.0,4.76
451,"Hissop, Alabama",38.18,25.16,19.31,0.0,17.35
452,"Highland Lakes, Alabama",14.8,73.59,6.05,0.0,5.56
453,"Ivalee, Alabama",21.36,65.21,1.41,4.67,7.36
454,"Mount Olive CDP (Jefferson County), Alabama",21.28,61.99,10.06,0.3,6.37
455,"New Union, Alabama",17.52,68.77,6.08,0.0,7.63
456,"Movico, Alabama",11.27,64.79,0.0,23.94,0.0
457,"Penton, Alabama",8.93,28.57,7.14,23.21,32.14
458,"Perdido Beach, Alabama",16.54,39.3,28.99,1.75,13.42
459,"Peterman, Alabama",9.18,84.69,6.12,0.0,0.0
460,"Pine Level, Alabama",24.56,61.58,7.8,3.46,2.6
461,"Putnam, Alabama",0.0,79.17,8.33,12.5,0.0
462,"Ray, Alabama",27.14,38.57,28.57,0.0,5.71
463,"Redland, Alabama",18.81,71.45,6.42,0.0,3.32
464,"Reeltown, Alabama",17.54,62.72,19.74,0.0,0.0
465,"Rockville, Alabama",0.0,56.25,43.75,0.0,0.0
466,"St. Stephens, Alabama",5.8,45.51,37.39,0.0,11.3
467,"Shelby, Alabama",35.49,39.98,8.14,6.78,9.6
468,"Magnolia Springs, Alabama",20.34,65.35,5.77,1.18,7.35
469,"Clay, Alabama",24.28,57.38,9.12,0.6,8.63
470,"Nances Creek, Alabama",13.31,63.47,7.74,2.17,13.31
471,"Nanafalia, Alabama",33.33,57.14,0.0,0.0,9.52
472,"Hatton, Alabama",0.0,66.04,28.3,0.0,5.66
473,"Grimes, Alabama",29.86,37.03,22.35,8.19,2.56
474,"Hackneyville, Alabama",16.78,67.13,12.94,0.0,3.15
475,"Graham, Alabama",26.19,73.81,0.0,0.0,0.0
476,"Uniontown, Alabama",50.89,19.62,8.72,7.22,13.56
477,"Stevenson, Alabama",23.93,51.24,14.0,3.1,7.72
478,"Springville, Alabama",15.44,64.66,12.43,0.0,7.47
479,"Reform, Alabama",39.78,28.28,14.46,5.33,12.15
480,"Pike Road, Alabama",20.36,68.44,7.27,1.21,2.72
481,"Jemison, Alabama",23.56,53.58,9.35,3.79,9.72
482,"Carlton, Alabama",63.89,16.67,19.44,0.0,0.0
483,"Indian Springs Village, Alabama",20.4,69.28,5.28,0.57,4.47
484,"Goodwater, Alabama",35.41,28.9,18.6,5.0,12.09
485,"Fruithurst, Alabama",20.0,62.86,7.62,1.9,7.62
486,"Florala, Alabama",21.89,37.97,18.95,3.36,17.83
487,"Eutaw, Alabama",37.25,28.89,10.28,8.53,15.06
488,"Creola, Alabama",27.03,50.14,12.64,3.11,7.09
489,"Coaling, Alabama",24.72,57.53,13.07,1.19,3.49
490,"Henagar, Alabama",19.78,54.64,18.91,2.15,4.52
491,"Catherine, Alabama",0.0,100.0,0.0,0.0,0.0
492,"Choccolocco, Alabama",16.51,68.1,6.63,1.11,7.65
493,"Chunchula, Alabama",16.67,56.82,21.21,0.0,5.3
494,"Gallant, Alabama",27.98,63.25,2.32,2.48,3.97
495,"Fruitdale, Alabama",44.85,20.61,14.55,10.3,9.7
496,"Fredonia, Alabama",9.89,81.87,8.24,0.0,0.0
497,"Fitzpatrick, Alabama",0.0,56.1,0.0,0.0,43.9
498,"Fayetteville, Alabama",14.87,76.44,8.69,0.0,0.0
499,"Fairford, Alabama",10.94,89.06,0.0,0.0,0.0
500,"Eunola, Alabama",0.0,80.0,11.56,8.44,0.0
501,"Emerald Mountain, Alabama",19.11,69.2,8.89,0.73,2.06
502,"Egypt, Alabama",23.32,56.98,13.96,0.0,5.75
503,"East Point, Alabama",24.74,32.99,42.27,0.0,0.0
504,"Dunnavant, Alabama",15.83,59.5,14.12,1.98,8.58
505,"Delta, Alabama",11.44,88.56,0.0,0.0,0.0
506,"Deer Park, Alabama",52.21,34.51,13.27,0.0,0.0
507,"Cullomburg, Alabama",32.79,50.0,17.21,0.0,0.0
508,"Coats Bend, Alabama",24.79,51.83,15.46,2.69,5.23
509,"Gulfcrest, Alabama",33.47,63.31,3.23,0.0,0.0
510,"Panola, Alabama",45.45,0.0,54.55,0.0,0.0
511,"Crossville, Alabama",22.59,52.5,9.62,0.97,14.31
512,"Ranburne, Alabama",15.59,56.83,16.31,0.0,11.27
513,"Emelle, Alabama",37.5,48.44,6.25,0.0,7.81
514,"Woodville, Alabama",28.59,44.44,16.34,3.1,7.52
515,"Montevallo, Alabama",53.84,30.37,9.83,1.15,4.81
516,"Myrtlewood, Alabama",32.46,46.49,14.04,0.0,7.02
517,"Chatom, Alabama",36.82,39.72,16.03,1.86,5.57
518,"Millry, Alabama",24.95,51.82,13.05,0.19,9.98
519,"Millport, Alabama",20.57,49.23,12.25,1.09,16.85
520,"Sulligent, Alabama",18.51,51.01,15.37,5.29,9.82
521,"Anderson, Alabama",29.44,49.35,7.79,0.0,13.42
522,"Hackleburg, Alabama",20.55,49.68,14.52,3.47,11.78
523,"Trinity, Alabama",18.87,60.31,14.19,0.66,5.96
524,"Gulf Shores, Alabama",24.41,50.16,16.58,0.8,8.06
525,"Summerdale, Alabama",28.15,51.23,14.57,1.11,4.94
526,"Hammondville, Alabama",15.49,59.62,14.32,0.0,10.56
527,"Slocomb, Alabama",25.92,47.26,16.44,1.23,9.16
528,"Hollywood, Alabama",26.25,39.48,16.7,8.35,9.22
529,"Livingston, Alabama",62.14,23.17,5.29,0.77,8.62
530,"Holly Pond, Alabama",16.2,53.55,21.55,1.61,7.1
531,"Colony, Alabama",28.45,36.21,19.83,7.76,7.76
532,"Coker, Alabama",27.65,55.46,11.26,0.51,5.12
533,"Troy, Alabama",58.08,27.15,7.7,0.9,6.17
534,"Jackson, Alabama",33.48,43.53,8.9,6.49,7.61
535,"Dodge City, Alabama",15.7,48.96,21.94,2.54,10.85
536,"Beaverton, Alabama",9.45,52.24,22.39,1.99,13.93
537,"Detroit, Alabama",24.56,50.88,12.87,5.85,5.85
538,"Kennedy, Alabama",18.16,58.42,10.53,5.26,7.63
539,"Hytop, Alabama",18.59,60.9,11.54,0.64,8.33
540,"Pisgah, Alabama",25.92,37.6,21.76,5.76,8.96
541,"Coffeeville, Alabama",39.18,29.82,14.33,6.43,10.23
542,"Blountsville, Alabama",25.34,45.24,17.36,2.11,9.95
543,"Locust Fork, Alabama",22.62,56.96,11.8,1.66,6.96
544,"Smoke Rise, Alabama",11.07,73.16,12.42,0.0,3.35
545,"Thomasville, Alabama",34.43,48.43,5.63,2.48,9.04
546,"Memphis, Alabama",6.9,48.28,10.34,20.69,13.79
547,"Hanceville, Alabama",28.59,34.83,17.59,2.57,16.42
548,"Spanish Fort, Alabama",25.57,52.9,11.47,0.38,9.68
549,"Our Town, Alabama",6.17,67.44,14.07,0.0,12.33
550,"Geiger, Alabama",30.14,55.71,8.68,1.83,3.65
551,"Sylacauga, Alabama",33.89,41.82,13.28,3.42,7.59
552,"Lester, Alabama",22.16,59.88,11.38,4.19,2.4
553,"Grove Hill, Alabama",35.33,41.0,13.13,2.92,7.62
554,"Headland, Alabama",24.9,54.59,12.65,1.48,6.38
555,"Enterprise, Alabama",25.59,52.42,12.41,3.3,6.28
556,"Hodges, Alabama",22.14,56.46,9.96,5.9,5.54
557,"Collinsville, Alabama",35.19,38.72,12.39,2.21,11.49
558,"Lynn, Alabama",18.74,42.95,19.16,3.37,15.79
559,"Centre, Alabama",25.63,40.08,18.35,2.5,13.45
560,"Moulton, Alabama",26.54,46.1,14.62,2.21,10.53
561,"Ridgeville, Alabama",50.91,28.18,7.27,2.73,10.91
562,"Cullman, Alabama",25.24,48.37,16.98,1.09,8.33
563,"Ragland, Alabama",22.31,54.23,13.24,1.55,8.67
564,"Epes, Alabama",42.58,36.65,18.01,0.85,1.91
565,"Petrey, Alabama",13.89,44.44,19.44,19.44,2.78
566,"Union Springs, Alabama",48.17,34.75,6.83,5.47,4.78
567,"Dozier, Alabama",41.06,32.12,16.56,1.32,8.94
568,"Beatrice, Alabama",46.09,26.75,14.4,6.58,6.17
569,"Greensboro, Alabama",55.81,21.88,12.95,1.43,7.93
570,"Cedar Bluff, Alabama",16.05,53.9,15.41,4.57,10.08
571,"Pinckard, Alabama",24.63,50.0,15.02,1.97,8.37
572,"Union Grove, Alabama",12.12,66.67,6.06,4.55,10.61
573,"Riverview, Alabama",20.29,42.03,14.49,2.9,20.29
574,"Phenix City, Alabama",35.91,40.65,13.7,3.56,6.18
575,"Cleveland, Alabama",18.53,66.47,8.24,0.39,6.37
576,"Sanford, Alabama",21.12,57.76,14.29,0.0,6.83
577,"Cherokee, Alabama",19.54,50.8,16.21,6.08,7.38
578,"Dora, Alabama",22.24,49.82,14.75,4.26,8.93
579,"Selma, Alabama",46.04,28.73,12.36,4.03,8.84
580,"Paint Rock, Alabama",15.54,56.76,20.95,0.0,6.76
581,"Hayden, Alabama",24.12,52.6,12.77,1.51,8.99
582,"McMullen, Alabama",0.0,0.0,40.0,0.0,60.0
583,"Thomaston, Alabama",44.69,39.19,9.89,2.93,3.3
584,"Southside, Alabama",21.82,60.22,11.05,1.05,5.86
585,"Nelson Lagoon, Alaska",41.89,47.3,5.41,0.0,5.41
586,"Chiniak, Alaska",0.0,0.0,0.0,0.0,0.0
587,"Womens Bay, Alaska",26.71,63.15,6.85,2.47,0.82
588,"Ouzinkie, Alaska",51.45,33.33,8.7,0.0,6.52
589,"Larsen Bay, Alaska",42.55,21.28,12.77,0.0,23.4
590,"Savoonga, Alaska",58.41,28.89,2.22,2.38,8.1
591,"Atmautluak, Alaska",46.48,36.62,2.11,7.75,7.04
592,"Brevig Mission, Alaska",63.4,28.3,1.89,1.51,4.91
593,"Kodiak Station, Alaska",23.24,73.66,1.07,0.6,1.43
594,"Eek, Alaska",41.72,49.39,1.53,2.15,5.21
595,"Crooked Creek, Alaska",57.35,33.82,5.88,0.0,2.94
596,"Bethel, Alaska",46.14,38.01,9.31,3.34,3.21
597,"Kalifornsky, Alaska",21.17,60.19,12.44,1.17,5.04
598,"Beluga, Alaska",50.0,0.0,0.0,0.0,50.0
599,"Nome, Alaska",41.68,38.89,12.81,2.72,3.9
600,"Funny River, Alaska",20.42,57.07,14.74,1.49,6.27
601,"Chevak, Alaska",64.12,26.12,4.5,0.62,4.62
602,"Cantwell, Alaska",30.38,39.24,20.89,0.0,9.49
603,"Emmonak, Alaska",57.47,30.81,4.35,1.7,5.67
604,"Halibut Cove, Alaska",25.35,67.61,0.0,0.0,7.04
605,"Old Harbor, Alaska",62.56,18.48,10.43,1.42,7.11
606,"Akhiok, Alaska",46.51,34.88,4.65,13.95,0.0
607,"Stebbins, Alaska",50.77,33.44,3.41,3.72,8.67
608,"St. Michael, Alaska",62.41,26.95,2.84,2.48,5.32
609,"Diomede, Alaska",81.13,11.32,7.55,0.0,0.0
610,"Game Creek, Alaska",0.0,0.0,0.0,0.0,0.0
611,"Seldovia Village, Alaska",19.58,60.84,14.69,2.1,2.8
612,"Primrose, Alaska",29.29,51.52,0.0,19.19,0.0
613,"Kenai, Alaska",29.05,45.59,16.11,3.45,5.8
614,"Fritz Creek, Alaska",31.72,49.45,12.84,2.14,3.85
615,"Attu Station, Alaska",64.71,0.0,35.29,0.0,0.0
616,"Wainwright, Alaska",45.11,43.39,3.74,2.3,5.46
617,"Ferry, Alaska",25.0,75.0,0.0,0.0,0.0
618,"Kasilof, Alaska",39.5,40.06,0.0,13.45,7.0
619,"Salcha, Alaska",30.58,65.16,2.88,0.0,1.38
620,"Kwethluk, Alaska",55.21,29.49,4.43,4.66,6.21
621,"Manley Hot Springs, Alaska",25.81,61.29,8.06,0.0,4.84
622,"Fox, Alaska",34.28,26.33,36.22,0.0,3.18
623,"Fairbanks, Alaska",36.23,48.16,10.39,1.87,3.36
624,"Ester, Alaska",43.64,46.29,5.64,0.34,4.1
625,"Pleasant Valley, Alaska",13.51,86.49,0.0,0.0,0.0
626,"Tenakee Springs, Alaska",12.0,67.2,16.8,0.0,4.0
627,"Chenega, Alaska",55.0,25.0,0.0,17.5,2.5
628,"Nelchina, Alaska",0.0,100.0,0.0,0.0,0.0
629,"Copper Center, Alaska",55.42,18.33,17.92,1.67,6.67
630,"Mendeltna, Alaska",65.38,0.0,34.62,0.0,0.0
631,"Silver Springs, Alaska",22.78,69.62,5.06,0.0,2.53
632,"Alakanuk, Alaska",52.35,37.34,0.94,1.31,8.07
633,"Anderson, Alaska",45.97,41.13,11.29,0.0,1.61
634,"Nuiqsut, Alaska",56.31,30.77,3.38,0.31,9.23
635,"False Pass, Alaska",46.97,30.3,13.64,9.09,0.0
636,"McGrath, Alaska",35.78,43.63,13.24,3.92,3.43
637,"Tununak, Alaska",54.5,32.88,4.5,4.05,4.05
638,"Big Lake, Alaska",26.87,52.51,12.67,0.38,7.56
639,"New Stuyahok, Alaska",45.33,44.8,3.47,2.4,4.0
640,"Nightmute, Alaska",57.69,30.77,0.0,3.08,8.46
641,"Galena, Alaska",44.11,39.85,8.52,1.75,5.76
642,"Coldfoot, Alaska",24.24,59.09,16.67,0.0,0.0
643,"Arctic Village, Alaska",59.05,22.86,11.43,1.9,4.76
644,"Kotzebue, Alaska",45.9,36.71,10.54,2.05,4.8
645,"Ambler, Alaska",65.12,26.98,2.33,0.0,5.58
646,"Ekwok, Alaska",50.0,35.0,8.33,0.0,6.67
647,"Aleknagik, Alaska",49.36,28.21,10.26,1.28,10.9
648,"Venetie, Alaska",48.33,43.33,1.67,4.17,2.5
649,"Red Dog Mine, Alaska",41.46,58.54,0.0,0.0,0.0
650,"Tanana, Alaska",46.35,30.73,10.42,3.65,8.85
651,"Rampart, Alaska",35.48,16.13,35.48,0.0,12.9
652,"Grayling, Alaska",59.35,26.02,8.13,2.44,4.07
653,"Fort Yukon, Alaska",49.03,27.18,11.65,4.61,7.52
654,"Stony River, Alaska",58.33,33.33,8.33,0.0,0.0
655,"Akiak, Alaska",48.61,44.22,1.2,1.59,4.38
656,"Kiana, Alaska",52.51,26.82,9.5,5.59,5.59
657,"Kivalina, Alaska",55.26,28.64,12.3,0.22,3.58
658,"Anaktuvuk Pass, Alaska",63.24,25.49,3.92,1.47,5.88
659,"Angoon, Alaska",32.42,41.1,23.06,0.46,2.97
660,"Dry Creek, Alaska",45.11,39.1,0.0,6.77,9.02
661,"Susitna, Alaska",0.0,0.0,0.0,0.0,0.0
662,"Lakes, Alaska",28.7,55.79,9.79,2.63,3.09
663,"Lake Louise, Alaska",0.0,0.0,0.0,0.0,100.0
664,"Gateway, Alaska",29.81,55.86,9.93,1.43,2.97
665,"Fishhook, Alaska",34.8,50.69,11.53,0.4,2.58
666,"Farm Loop, Alaska",35.11,50.87,6.63,3.7,3.7
667,"Tuluksak, Alaska",50.0,41.32,3.12,2.08,3.47
668,"Mekoryuk, Alaska",44.44,40.35,8.19,1.75,5.26
669,"Kongiganak, Alaska",49.16,41.41,4.71,2.02,2.69
670,"Kasigluk, Alaska",50.0,34.47,4.74,6.05,4.74
671,"Aniak, Alaska",36.06,47.06,9.72,2.3,4.86
672,"Akutan, Alaska",37.37,47.18,10.62,2.55,2.28
673,"Ruby, Alaska",48.09,35.88,10.69,0.0,5.34
674,"Koliganek, Alaska",37.07,53.45,1.72,1.72,6.03
675,"Kaltag, Alaska",55.84,35.71,5.19,0.65,2.6
676,"Four Mile Road, Alaska",100.0,0.0,0.0,0.0,0.0
677,"Evansville, Alaska",45.45,0.0,54.55,0.0,0.0
678,"Knik-Fairview, Alaska",30.49,51.57,12.78,1.11,4.05
679,"Wasilla, Alaska",32.56,42.37,14.3,3.08,7.69
680,"Shageluk, Alaska",61.4,21.05,3.51,3.51,10.53
681,"Takotna, Alaska",33.33,33.33,0.0,20.0,13.33
682,"Dillingham, Alaska",37.25,41.56,11.0,5.01,5.18
683,"Quinhagak, Alaska",41.01,48.17,2.79,4.71,3.32
684,"Tanaina, Alaska",34.15,51.61,9.93,1.56,2.76
685,"Pilot Station, Alaska",61.24,32.3,1.69,0.0,4.78
686,"Port Lions, Alaska",27.65,53.53,3.53,5.29,10.0
687,"Mountain Village, Alaska",62.09,25.22,3.3,4.7,4.7
688,"Scammon Bay, Alaska",55.46,34.2,3.16,2.87,4.31
689,"Point Hope, Alaska",53.59,35.36,3.59,1.1,6.35
690,"Hoonah, Alaska",37.67,37.37,15.25,3.44,6.28
691,"Stevens Village, Alaska",77.78,0.0,0.0,0.0,22.22
692,"Glennallen, Alaska",11.46,88.54,0.0,0.0,0.0
693,"Buckland, Alaska",50.84,37.59,3.61,2.41,5.54
694,"Deering, Alaska",51.49,27.72,6.93,5.94,7.92
695,"Central, Alaska",19.15,55.32,25.53,0.0,0.0
696,"Homer, Alaska",28.8,51.31,13.0,1.44,5.45
697,"Soldotna, Alaska",33.17,41.69,16.95,2.73,5.46
698,"Aleneva, Alaska",55.56,44.44,0.0,0.0,0.0
699,"Salamatof, Alaska",41.78,35.14,17.91,2.36,2.82
700,"Kodiak, Alaska",36.31,45.85,12.38,1.96,3.49
701,"Nikiski, Alaska",30.75,49.08,12.19,1.8,6.18
702,"Cohoe, Alaska",19.18,54.29,18.51,2.1,5.92
703,"Nikolaevsk, Alaska",21.46,59.82,15.98,0.0,2.74
704,"Chistochina, Alaska",62.67,8.0,18.67,0.0,10.67
705,"Chitina, Alaska",58.23,8.86,31.65,0.0,1.27
706,"Mentasta Lake, Alaska",34.97,33.13,12.88,10.43,8.59
707,"Tonsina, Alaska",0.0,0.0,64.29,0.0,35.71
708,"Whittier, Alaska",44.21,32.64,16.53,3.31,3.31
709,"Huslia, Alaska",47.14,40.36,3.93,2.14,6.43
710,"Seldovia, Alaska",24.75,54.46,14.85,0.0,5.94
711,"Butte, Alaska",31.88,52.04,11.5,1.44,3.13
712,"Eielson AFB, Alaska",27.98,64.74,3.75,3.16,0.37
713,"Circle, Alaska",47.62,33.33,14.29,2.38,2.38
714,"Chalkyitsik, Alaska",56.04,29.67,5.49,5.49,3.3
715,"Livengood, Alaska",0.0,0.0,100.0,0.0,0.0
716,"Minto, Alaska",69.41,21.18,9.41,0.0,0.0
717,"Nikolai, Alaska",65.71,21.9,6.67,2.86,2.86
718,"Palmer, Alaska",39.58,38.9,14.48,2.33,4.71
719,"College, Alaska",42.62,43.28,11.2,1.36,1.55
720,"Koyukuk, Alaska",60.78,27.45,3.92,3.92,3.92
721,"Newtok, Alaska",58.09,34.44,1.66,1.24,4.56
722,"Platinum, Alaska",38.46,46.15,15.38,0.0,0.0
723,"Houston, Alaska",30.15,46.67,15.35,2.57,5.26
724,"Petersville, Alaska",0.0,0.0,0.0,0.0,0.0
725,"Sutton-Alpine, Alaska",38.23,35.41,18.68,3.69,3.98
726,"Beaver, Alaska",65.91,6.82,15.91,0.0,11.36
727,"Bettles, Alaska",33.33,33.33,33.33,0.0,0.0
728,"Nunapitchuk, Alaska",47.33,43.37,2.93,1.89,4.48
729,"Hughes, Alaska",55.22,31.34,2.99,4.48,5.97
730,"Napaskiak, Alaska",46.26,38.77,3.08,2.64,9.25
731,"Toksook Bay, Alaska",52.72,38.86,1.63,2.99,3.8
732,"Craig, Alaska",31.08,46.47,15.49,2.28,4.67
733,"Mosquito Lake, Alaska",12.99,25.97,61.04,0.0,0.0
734,"Tetlin, Alaska",70.87,17.48,8.74,0.0,2.91
735,"Pope-Vannoy Landing, Alaska",0.0,0.0,0.0,0.0,0.0
736,"Perryville, Alaska",61.19,25.37,7.46,1.49,4.48
737,"Ivanof Bay, Alaska",0.0,0.0,0.0,0.0,0.0
738,"Iliamna, Alaska",26.09,65.22,8.7,0.0,0.0
739,"Levelock, Alaska",60.0,2.0,22.0,2.0,14.0
740,"Alatna, Alaska",50.0,0.0,0.0,50.0,0.0
741,"Point MacKenzie, Alaska",52.13,31.08,9.92,5.89,0.98
742,"Meadow Lakes, Alaska",31.59,45.71,14.49,2.65,5.57
743,"Lazy Mountain, Alaska",25.46,54.31,14.36,2.69,3.18
744,"Chase, Alaska",100.0,0.0,0.0,0.0,0.0
745,"Napakiak, Alaska",50.37,32.96,4.81,4.44,7.41
746,"Goodnews Bay, Alaska",54.47,31.71,2.44,1.63,9.76
747,"Sterling, Alaska",22.29,58.23,11.44,1.79,6.24
748,"Hope, Alaska",0.0,86.36,13.64,0.0,0.0
749,"Elfin Cove, Alaska",0.0,100.0,0.0,0.0,0.0
750,"Hobart Bay, Alaska",0.0,0.0,0.0,0.0,0.0
751,"Shishmaref, Alaska",59.71,30.0,2.86,1.43,6.0
752,"Teller, Alaska",65.35,19.69,4.72,2.36,7.87
753,"Manokotak, Alaska",43.99,48.52,2.34,1.72,3.43
754,"Kotlik, Alaska",56.59,27.13,5.43,6.01,4.84
755,"Chignik Lake, Alaska",34.09,52.27,2.27,0.0,11.36
756,"St. Mary's, Alaska",56.09,25.06,7.36,5.06,6.44
757,"Kaktovik, Alaska",62.7,23.02,3.17,5.56,5.56
758,"Anchor Point, Alaska",24.65,50.65,19.2,0.95,4.55
759,"Cooper Landing, Alaska",5.88,82.35,6.14,0.0,5.63
760,"Ninilchik, Alaska",20.03,59.13,10.42,2.08,8.33
761,"Diamond Ridge, Alaska",24.71,59.01,11.34,1.07,3.88
762,"Fox River, Alaska",29.45,63.56,3.5,0.87,2.62
763,"Healy, Alaska",33.68,50.69,13.33,2.3,0.0
764,"Newhalen, Alaska",52.87,21.84,9.2,5.75,10.34
765,"Pedro Bay, Alaska",55.0,35.0,5.0,0.0,5.0
766,"Pilot Point, Alaska",35.38,52.31,4.62,0.0,7.69
767,"South Naknek, Alaska",39.02,31.71,12.2,4.88,12.2
768,"Ketchikan, Alaska",34.05,44.14,14.96,1.63,5.22
769,"Coffman Cove, Alaska",13.49,60.32,15.87,0.0,10.32
770,"Excursion Inlet, Alaska",63.64,12.12,24.24,0.0,0.0
771,"Egegik, Alaska",14.1,61.54,14.1,0.0,10.26
772,"Port Heiden, Alaska",35.48,46.77,8.06,3.23,6.45
773,"Port Protection, Alaska",26.32,0.0,73.68,0.0,0.0
774,"Portage Creek, Alaska",0.0,0.0,0.0,0.0,0.0
775,"Twin Hills, Alaska",54.0,8.0,6.0,16.0,16.0
776,"Kobuk, Alaska",66.67,29.63,1.23,1.23,1.23
777,"Atqasuk, Alaska",64.55,21.82,1.82,1.82,10.0
778,"Kipnuk, Alaska",45.13,42.99,4.04,2.85,4.99
