,Location,Blacks,Asians,NativeHawaiian_PacificIslanders,Whites,Hispanic_Latinos,AmericanIndian_AlaskanNatives,Two_or_Mores,Others
0,"Pismo Beach, California",2.49,2.02,0.0,81.46,8.26,0.2,2.9,2.66
1,"Patterson, California",5.99,3.73,1.56,20.26,55.03,1.64,5.06,6.74
2,"Perris, California",6.41,2.55,0.05,5.98,49.19,0.4,1.83,33.59
3,"Piedmont, California",1.87,16.85,0.06,71.35,3.55,0.18,6.06,0.08
4,"Pico Rivera, California",0.59,1.97,0.05,3.77,63.71,0.51,1.45,27.94
5,"Pinole, California",9.13,24.49,0.09,30.25,19.76,0.5,9.82,5.96
6,"Pittsburg, California",13.66,12.81,0.76,15.07,33.31,0.63,7.57,16.19
7,"Pasadena, California",8.19,14.4,0.18,29.68,29.21,0.23,3.88,14.23
8,"Petaluma, California",0.86,4.17,0.24,61.9,18.92,0.48,4.04,9.39
9,"Parlier, California",0.27,0.28,0.0,1.32,78.04,0.18,0.87,19.03
10,"Pacifica, California",1.76,19.09,1.39,49.39,17.6,0.21,7.47,3.08
11,"Paradise, California",0.0,1.58,0.0,62.63,16.84,9.47,8.95,0.53
12,"Paradise, California",0.3,1.04,0.01,83.75,7.02,1.12,5.28,1.48
13,"Palos Verdes Estates, California",0.25,20.77,0.07,64.65,9.47,0.01,4.32,0.46
14,"Palo Alto, California",1.54,32.2,0.19,54.54,5.65,0.3,4.54,1.05
15,"Palm Springs, California",3.55,4.58,0.24,57.68,26.42,0.75,2.9,3.89
16,"Palm Desert, California",2.36,4.73,0.16,59.99,23.72,0.35,4.06,4.63
17,"Palmdale, California",9.01,3.42,0.2,14.48,43.39,0.63,4.02,24.85
18,"Pacific Grove, California",1.41,5.03,0.0,77.56,9.99,0.32,4.43,1.26
19,"Oxnard, California",2.22,6.38,0.25,13.18,65.55,1.31,2.64,8.48
20,"Oroville, California",4.51,9.84,0.28,56.35,12.92,1.96,11.83,2.31
21,"Placentia, California",1.58,16.24,0.15,36.55,36.79,0.75,3.3,4.64
22,"Orland, California",0.02,1.77,0.0,37.73,48.78,1.87,1.02,8.81
23,"Paramount, California",7.63,2.15,0.62,3.62,60.52,0.27,2.18,23.01
24,"Placerville, California",0.72,0.59,0.0,75.4,18.49,0.62,1.41,2.78
25,"Rolling Hills, California",1.68,16.81,0.0,69.69,6.06,0.0,4.86,0.9
26,"Rolling Hills, California",2.08,4.06,0.83,60.35,22.06,0.0,3.85,6.76
27,"Pleasanton, California",1.92,31.88,0.49,49.89,9.04,0.31,4.81,1.67
28,"Orinda, California",1.27,15.32,0.16,71.27,5.42,0.13,6.13,0.29
29,"Rohnert Park, California",2.33,4.87,0.07,50.81,24.72,0.44,4.59,12.18
30,"Rocklin, California",2.01,9.1,0.12,67.45,12.55,0.53,5.51,2.73
31,"Riverside, California",5.06,6.02,0.21,24.7,43.43,0.67,3.94,15.97
32,"Riverbank, California",0.48,4.51,0.35,30.97,50.37,0.7,4.75,7.87
33,"Ripon, California",1.01,2.8,0.07,60.45,26.16,0.51,6.66,2.33
34,"Rio Vista, California",6.55,6.26,0.92,75.07,8.25,0.19,1.8,0.96
35,"Rio Dell, California",0.31,1.48,0.0,81.78,6.15,3.76,4.19,2.33
36,"Ridgecrest, California",3.68,6.34,0.22,59.87,18.12,0.89,4.63,6.25
37,"Richmond, California",16.39,13.42,0.49,14.68,33.73,0.31,4.68,16.3
38,"Rialto, California",9.96,2.05,0.06,8.35,60.45,0.58,3.21,15.35
39,"Reedley, California",1.28,2.15,0.08,13.94,64.01,0.53,4.58,13.44
40,"Redwood City, California",1.55,11.79,0.71,34.82,30.59,0.6,3.97,15.97
41,"Redondo Beach, California",3.0,12.19,0.09,57.19,16.48,0.36,6.66,4.03
42,"Redlands, California",5.7,6.73,0.65,45.24,29.37,0.48,4.84,6.98
43,"Red Bluff, California",1.52,2.79,0.01,70.76,15.99,3.28,4.32,1.33
44,"Rancho Santa Margarita, California",2.8,10.14,0.08,58.69,19.59,0.34,5.06,3.3
45,"Rancho Palos Verdes, California",1.72,29.82,0.72,50.54,8.67,0.22,5.95,2.36
46,"Rancho Mirage, California",2.21,4.97,0.22,78.27,9.49,0.38,2.06,2.41
47,"Rancho Cucamonga, California",8.17,11.33,0.26,32.27,33.17,0.7,5.08,9.02
48,"Rancho Cordova, California",8.13,12.05,0.73,44.68,19.69,0.71,6.86,7.14
49,"Poway, California",1.4,10.95,0.14,60.56,16.93,0.83,4.89,4.31
50,"Port Hueneme, California",4.05,5.13,0.85,22.79,51.84,0.63,8.16,6.56
51,"Porterville, California",0.72,4.01,0.36,21.53,57.59,0.78,2.8,12.21
52,"Pomona, California",4.52,7.45,0.07,8.29,54.1,1.55,3.19,20.83
53,"Pleasant Hill, California",2.06,12.94,0.59,61.72,12.96,0.12,6.58,3.03
54,"Orange Cove, California",0.33,0.19,0.41,3.0,73.79,0.15,1.14,21.0
55,"Maywood, California",0.3,0.2,0.0,1.08,80.11,0.05,0.32,17.95
56,"Ontario, California",3.96,4.45,0.18,11.07,50.38,0.72,3.27,25.95
57,"Modesto, California",3.86,6.64,1.07,41.36,35.25,0.8,3.99,7.03
58,"Mission Viejo, California",0.92,10.56,0.11,63.08,16.68,0.26,4.91,3.48
59,"Milpitas, California",2.85,60.94,0.4,9.9,13.58,0.33,4.67,7.33
60,"Mill Valley, California",0.72,4.16,0.0,81.43,6.28,0.33,6.76,0.33
61,"Merced, California",4.96,10.27,0.07,21.98,42.85,0.71,3.48,15.68
62,"Menlo Park, California",4.28,12.67,1.16,55.95,14.66,0.8,5.03,5.45
63,"Menifee, California",5.27,4.86,0.3,40.66,29.99,0.69,4.48,13.74
64,"Mendota, California",0.21,0.0,0.0,1.65,65.02,0.13,1.27,31.72
65,"McFarland, California",0.97,0.11,0.03,2.85,87.61,0.24,1.06,7.13
66,"Rolling Hills Estates, California",2.15,28.09,0.0,53.44,9.1,0.0,4.31,2.91
67,"Marysville, California",1.9,3.84,0.03,53.52,29.94,1.55,7.03,2.2
68,"Martinez, California",3.27,8.56,0.06,60.78,16.27,0.33,5.63,5.09
69,"Marina, California",6.82,16.57,1.7,30.09,26.03,0.53,10.52,7.75
70,"Manteca, California",3.56,8.19,0.6,36.87,35.02,0.7,6.92,8.14
71,"Manhattan Beach, California",0.52,11.6,0.0,72.09,8.09,0.19,5.48,2.03
72,"Mammoth Lakes, California",0.68,3.21,0.0,51.99,33.57,0.23,2.98,7.34
73,"Malibu, California",1.08,1.86,0.26,84.13,8.61,0.0,3.79,0.26
74,"Madera, California",3.37,1.23,0.0,12.29,60.2,0.76,2.44,19.71
75,"Lynwood, California",6.31,0.63,0.29,1.76,65.08,0.58,1.15,24.2
76,"Los Gatos, California",1.47,14.21,0.1,70.67,8.24,0.1,4.57,0.65
77,"Los Banos, California",1.32,2.36,0.53,16.14,54.44,0.43,3.52,21.25
78,"Los Angeles, California",7.14,9.35,0.15,22.85,38.97,0.59,2.89,18.06
79,"Los Altos Hills, California",0.77,30.94,0.12,60.62,4.21,0.0,2.75,0.6
80,"Los Altos, California",0.36,29.18,0.0,60.0,4.27,0.17,5.14,0.87
81,"Los Alamitos, California",5.44,13.46,0.19,42.59,23.78,0.04,8.77,5.74
82,"Monrovia, California",5.34,12.44,0.52,31.34,36.2,0.42,5.25,8.48
83,"Orange, California",1.6,10.57,0.13,40.23,33.79,0.41,2.98,10.3
84,"Montague, California",0.64,0.32,0.45,79.63,8.71,3.46,4.48,2.31
85,"Montebello, California",1.04,10.48,0.04,5.59,60.81,0.49,1.67,19.88
86,"Ojai, California",0.52,1.86,0.0,76.31,14.39,0.55,4.13,2.23
87,"Oceanside, California",4.36,6.97,0.65,44.54,32.13,0.58,5.15,5.61
88,"Oakley, California",7.14,5.49,0.24,36.46,31.37,1.1,5.94,12.25
89,"Oakland, California",19.85,13.22,0.53,23.71,22.59,0.77,5.75,13.57
90,"Oakdale, California",0.57,2.38,0.03,55.05,31.05,0.4,3.73,6.79
91,"Novato, California",2.44,6.48,0.14,58.84,16.84,0.2,4.67,10.38
92,"Norwalk, California",3.07,10.16,0.28,7.52,50.78,0.35,2.04,25.8
93,"Norco, California",3.8,3.53,0.12,52.43,28.3,0.45,4.23,7.15
94,"Newport Beach, California",0.81,8.01,0.16,77.05,8.72,0.26,3.01,1.99
95,"Newman, California",2.03,1.19,0.0,23.19,65.41,0.67,3.05,4.48
96,"Newark, California",3.85,25.88,0.62,19.61,26.64,0.46,5.15,17.8
97,"Nevada City, California",1.35,0.95,0.0,80.06,6.74,0.06,9.39,1.45
98,"Needles, California",3.48,0.53,0.21,58.43,22.21,10.06,3.52,1.56
99,"National City, California",4.76,17.4,0.5,9.14,57.14,0.45,2.7,7.91
100,"Napa, California",0.57,2.78,0.12,45.41,34.84,0.92,3.05,12.3
101,"Murrieta, California",4.78,8.14,0.43,43.76,26.09,0.62,7.27,8.9
102,"Mount Shasta, California",1.11,0.42,0.57,81.62,11.16,0.0,5.12,0.0
103,"Mountain View, California",0.65,4.88,0.0,47.04,24.57,1.9,11.58,9.4
104,"Mountain View, California",1.69,29.25,0.34,41.46,16.59,0.28,4.45,5.95
105,"Morro Bay, California",1.07,2.82,0.0,77.96,12.83,0.69,2.38,2.24
106,"Morgan Hill, California",1.84,11.0,0.12,45.35,30.17,0.68,5.75,5.09
107,"Moreno Valley, California",13.27,4.63,0.32,11.27,42.2,0.3,2.17,25.83
108,"Moraga, California",0.99,15.59,0.93,67.78,7.16,0.34,6.05,1.17
109,"Moorpark, California",1.5,7.4,0.65,49.53,29.09,0.88,5.95,5.02
110,"Monterey Park, California",0.49,56.5,0.59,3.31,22.84,0.51,2.02,13.74
111,"Monterey, California",4.23,6.93,0.07,62.71,16.01,0.56,6.28,3.21
112,"Montclair, California",2.13,7.61,0.22,9.72,50.76,0.55,2.94,26.07
113,"Rosemead, California",0.19,48.89,0.02,3.07,27.83,0.39,1.37,18.24
114,"Sebastopol, California",1.91,2.6,1.03,74.35,8.95,0.18,8.92,2.07
115,"Ross, California",1.94,1.22,0.0,88.55,4.46,0.0,2.99,0.84
116,"Victorville, California",15.06,3.39,0.16,19.71,47.98,0.83,5.43,7.44
117,"Vernon, California",14.05,6.61,0.0,4.13,49.59,0.0,0.0,25.62
118,"Vallejo, California",18.76,21.01,0.91,21.39,22.57,0.33,6.06,8.96
119,"Vacaville, California",9.13,6.89,0.74,46.75,22.24,0.52,7.1,6.65
120,"Upland, California",4.61,7.46,0.08,33.03,36.33,0.59,4.58,13.32
121,"Union City, California",4.28,47.23,1.35,12.7,17.79,0.31,4.68,11.65
122,"Ukiah, California",0.73,1.71,0.22,49.32,33.95,2.35,3.87,7.85
123,"Twentynine Palms, California",11.19,3.28,1.15,53.02,20.73,1.12,6.37,3.15
124,"Tustin, California",2.16,17.05,0.25,24.17,33.1,0.24,3.99,19.04
125,"Turlock, California",2.13,5.06,0.24,45.85,33.3,0.61,4.15,8.67
126,"Villa Park, California",0.61,12.46,0.0,68.45,12.49,0.0,2.85,3.14
127,"Tulelake, California",0.0,0.0,0.0,23.76,75.3,0.0,0.0,0.95
128,"Truckee, California",0.6,1.24,0.13,74.94,17.83,0.13,1.71,3.42
129,"Tracy, California",4.36,14.03,0.74,29.38,34.53,0.36,7.92,8.68
130,"Torrance, California",2.46,33.74,0.56,35.22,16.15,0.57,5.99,5.3
131,"Thousand Oaks, California",1.31,9.25,0.11,65.43,17.64,0.36,3.95,1.95
132,"Temple City, California",0.49,55.19,0.33,13.73,17.7,0.41,2.33,9.8
133,"Temecula, California",4.47,7.61,0.49,46.61,26.16,0.5,5.92,8.23
134,"Tehachapi, California",8.72,1.83,0.23,49.45,32.39,0.76,4.33,2.3
135,"Taft, California",0.67,4.44,0.0,56.64,29.92,0.2,6.3,1.83
136,"Sutter Creek, California",0.27,1.7,0.0,86.28,6.61,2.28,1.97,0.89
137,"Susanville, California",14.4,2.11,1.2,47.36,28.99,2.4,2.06,1.49
138,"Sunnyvale, California",1.6,43.1,0.23,29.34,16.26,0.4,4.15,4.91
139,"Tulare, California",3.4,1.42,0.15,27.21,53.92,0.88,3.44,9.57
140,"Visalia, California",1.88,5.02,0.06,33.94,44.53,0.83,4.2,9.53
141,"Vista, California",2.77,4.25,0.09,36.36,45.59,0.3,3.5,7.12
142,"Walnut, California",3.0,57.39,0.06,10.11,18.24,0.38,3.29,7.52
143,"Long Beach, California",10.87,11.08,0.68,23.71,35.82,0.76,3.92,13.16
144,"Yucca Valley, California",4.66,1.11,0.21,65.63,18.15,1.42,3.93,4.88
145,"Yucaipa, California",1.02,3.26,0.1,55.98,31.65,0.47,2.99,4.52
146,"Yuba City, California",2.32,17.47,0.61,39.97,27.95,0.84,6.52,4.32
147,"Yreka, California",1.58,0.41,1.42,68.16,11.37,5.72,9.38,1.96
148,"Yountville, California",2.54,2.0,0.0,77.04,12.17,0.0,2.61,3.64
149,"Yorba Linda, California",1.49,18.32,0.06,57.07,16.75,0.15,4.58,1.57
150,"Woodland, California",1.39,6.87,0.18,33.66,41.74,0.94,3.77,11.46
151,"Woodlake, California",0.73,0.45,0.23,5.99,72.01,0.27,1.5,18.82
152,"Winters, California",0.49,0.56,0.0,43.27,42.29,0.72,1.88,10.78
153,"Windsor, California",0.71,2.56,0.0,50.06,27.96,0.84,5.36,12.51
154,"Willits, California",0.81,1.98,0.0,62.79,17.18,4.11,7.73,5.39
155,"Williams, California",1.8,2.71,0.49,15.97,70.57,0.86,1.78,5.82
156,"Wildomar, California",4.28,4.11,0.66,38.61,34.61,0.72,3.07,13.94
157,"Whittier, California",0.97,3.45,0.06,17.86,48.75,0.52,2.56,25.82
158,"Wheatland, California",0.18,3.66,1.4,69.13,15.91,0.86,8.15,0.7
159,"West Sacramento, California",4.82,8.62,1.21,41.82,27.89,0.66,8.77,6.22
160,"Westminster, California",0.85,45.36,0.18,22.69,20.97,0.5,3.13,6.33
161,"Westlake Village, California",1.56,7.5,0.0,77.28,7.49,0.51,5.14,0.51
162,"West Hollywood, California",3.43,5.02,0.13,71.67,10.16,0.19,4.97,4.43
163,"West Covina, California",3.25,22.93,0.26,8.71,41.02,0.44,3.53,19.85
164,"Weed, California",9.34,1.07,0.0,51.79,22.1,2.52,8.31,4.86
165,"Watsonville, California",0.38,1.76,0.04,10.49,57.06,0.51,1.16,28.6
166,"Waterford, California",0.76,1.99,0.07,38.65,46.28,0.0,3.46,8.78
167,"Walnut Creek, California",1.84,14.26,0.21,66.68,9.48,0.17,5.24,2.12
168,"Suisun City, California",18.54,18.48,0.64,25.72,22.19,0.55,6.65,7.22
169,"Stockton, California",10.01,18.31,0.69,17.64,35.58,0.58,9.11,8.08
170,"St. Helena, California",1.44,0.86,0.0,57.78,29.36,0.0,1.06,9.5
171,"Stanton, California",1.25,23.42,0.82,16.66,42.69,1.11,3.19,10.86
172,"Santa Barbara, California",1.15,3.41,0.14,49.73,32.23,0.6,3.18,9.57
173,"Santa Ana, California",0.79,8.33,0.17,6.61,54.11,0.44,1.31,28.23
174,"San Ramon, California",2.5,44.61,0.59,37.74,7.17,0.35,5.59,1.45
175,"San Rafael, California",1.72,5.01,0.0,46.76,26.01,0.33,3.99,16.18
176,"San Pablo, California",9.11,12.68,0.33,6.73,49.23,0.37,3.1,18.45
177,"San Mateo, California",1.75,20.52,1.81,38.47,22.15,0.41,5.84,9.04
178,"San Marino, California",1.94,57.81,0.34,29.65,4.15,0.0,3.43,2.67
179,"San Marcos, California",2.57,8.73,0.58,38.56,35.85,0.68,5.79,7.25
180,"San Luis Obispo, California",2.1,5.53,0.0,67.48,17.44,0.38,3.45,3.63
181,"San Leandro, California",9.51,30.53,0.87,20.66,24.14,0.88,5.8,7.6
182,"San Juan Capistrano, California",0.75,2.07,0.18,47.28,29.77,0.52,3.21,16.21
183,"San Jose, California",2.54,29.98,0.43,22.06,27.1,0.46,4.42,13.01
184,"San Jacinto, California",5.82,3.29,0.05,27.1,45.68,1.91,4.16,12.0
185,"Sanger, California",0.04,2.23,0.0,10.12,67.33,0.64,1.9,17.73
186,"San Gabriel, California",0.66,51.08,0.24,10.2,22.48,0.38,1.77,13.2
187,"San Francisco, California",4.78,31.34,0.31,37.24,13.97,0.29,4.99,7.1
188,"San Fernando, California",0.79,0.85,0.11,3.21,66.86,0.38,1.25,26.56
189,"San Dimas, California",3.05,13.39,0.06,41.41,30.11,0.83,4.53,6.62
190,"San Diego, California",6.02,15.47,0.37,39.63,27.79,0.41,4.76,5.54
191,"Sand City, California",4.44,2.07,0.0,53.25,31.66,0.89,2.66,5.03
192,"San Clemente, California",0.6,3.63,0.83,67.68,15.79,0.28,4.43,6.75
193,"San Bruno, California",1.21,27.16,2.13,28.69,24.25,0.14,6.75,9.67
194,"San Bernardino, California",11.34,3.51,0.24,12.57,53.1,0.66,3.79,14.79
195,"Salinas, California",0.9,3.81,0.03,9.12,54.33,0.49,2.3,29.01
196,"Sacramento, California",11.79,16.6,1.51,28.51,25.16,0.66,6.15,9.62
197,"Santa Clara, California",2.7,38.22,0.64,31.25,16.06,0.28,4.95,5.9
198,"Roseville, California",1.76,9.65,0.36,64.91,14.36,0.46,5.03,3.47
199,"Santa Clarita, California",3.57,9.98,0.07,42.81,30.21,0.75,6.03,6.59
200,"Santa Fe Springs, California",3.07,4.95,0.02,9.23,53.81,1.21,2.37,25.35
201,"Stallion Springs, California",0.0,1.32,0.0,75.4,18.31,1.35,2.86,0.76
202,"South San Francisco, California",1.57,33.46,0.88,16.92,28.3,0.19,5.14,13.53
203,"South Pasadena, California",2.89,28.08,0.08,39.79,18.29,0.26,5.52,5.1
204,"South Lake Tahoe, California",1.23,5.41,0.15,58.42,25.23,0.28,2.33,6.96
205,"South Gate, California",0.62,0.54,0.14,2.26,69.04,0.46,1.5,25.44
206,"South El Monte, California",0.25,9.9,0.0,2.19,64.82,0.59,1.3,20.95
207,"Sonora, California",1.16,5.62,0.42,66.08,16.27,0.64,3.46,6.35
208,"Sonoma, California",0.31,2.85,0.0,73.28,14.6,0.05,4.19,4.71
209,"Solvang, California",0.76,2.07,0.0,59.8,27.82,0.28,1.98,7.28
210,"Soledad, California",6.4,1.61,0.16,10.05,53.92,0.63,3.63,23.61
211,"Solana Beach, California",0.9,5.21,0.0,66.11,15.01,0.94,4.46,7.36
212,"Simi Valley, California",1.15,9.31,0.11,56.27,24.7,0.46,4.48,3.52
213,"Signal Hill, California",10.61,21.97,0.18,25.79,30.7,0.33,4.09,6.33
214,"Sierra Madre, California",1.27,11.97,0.19,63.62,15.62,0.21,5.11,2.02
215,"Shafter, California",1.66,0.58,0.0,10.99,73.55,0.11,1.36,11.75
216,"Selma, California",0.25,3.39,0.87,9.0,73.62,0.53,3.61,8.72
217,"Seaside, California",6.57,8.73,2.65,27.67,38.84,0.77,6.03,8.74
218,"Seal Beach, California",2.08,10.1,0.25,68.46,11.82,0.38,4.52,2.41
219,"Scotts Valley, California",0.46,6.68,0.0,75.28,10.72,0.38,5.35,1.12
220,"Sausalito, California",1.45,3.39,0.28,86.13,6.69,0.36,0.78,0.93
221,"Saratoga, California",0.45,48.99,0.03,43.48,3.05,0.45,3.32,0.23
222,"Santee, California",1.97,5.05,0.24,64.86,17.01,0.77,7.11,3.0
223,"Santa Rosa, California",1.88,4.59,0.45,45.71,27.39,1.33,5.46,13.19
224,"Santa Paula, California",0.22,1.49,0.0,14.39,73.19,0.48,2.67,7.57
225,"Santa Monica, California",4.23,9.52,0.12,61.71,15.23,0.33,5.64,3.21
226,"Santa Cruz, California",1.71,9.08,0.17,57.78,19.51,0.39,5.4,5.95
227,"Lompoc, California",3.85,3.25,0.32,26.02,46.35,1.73,5.78,12.7
228,"El Monte, California",0.45,22.65,0.46,3.17,52.08,0.66,2.19,18.34
229,"Loma Linda, California",11.76,24.81,1.26,32.27,23.76,0.2,4.02,1.92
230,"Coachella, California",0.35,0.11,0.01,0.74,57.03,0.34,0.38,41.05
231,"Clovis, California",2.68,9.72,0.27,47.2,25.91,1.0,4.34,8.87
232,"Cloverdale, California",0.9,3.91,0.09,53.52,25.45,2.09,4.62,9.43
233,"Clearlake, California",4.16,0.16,0.0,49.56,23.84,3.76,2.57,15.95
234,"Clayton, California",1.86,6.65,0.0,71.98,10.31,0.95,7.09,1.17
235,"Claremont, California",4.57,13.3,0.07,45.6,22.98,0.9,5.36,7.22
236,"Citrus Heights, California",3.63,3.46,0.16,66.0,17.93,0.33,4.95,3.54
237,"Chula Vista, California",4.17,14.37,0.59,16.12,52.89,0.3,4.97,6.59
238,"Chowchilla, California",6.0,2.64,0.35,28.4,41.83,2.47,4.52,13.78
239,"Chino Hills, California",3.79,30.56,0.05,26.57,26.13,0.54,4.35,7.99
240,"Chino, California",4.86,10.3,0.46,19.2,40.8,0.41,5.54,18.42
241,"Coalinga, California",2.56,1.99,0.48,23.21,44.46,2.3,5.33,19.68
242,"Chico, California",2.0,4.07,0.2,67.05,16.76,0.62,4.62,4.69
243,"Ceres, California",3.01,5.76,0.42,19.51,51.75,0.88,2.34,16.32
244,"Cathedral City, California",2.29,5.15,0.11,26.71,52.48,0.6,2.31,10.35
245,"Carson, California",20.02,21.76,2.17,6.17,32.98,0.52,4.06,12.31
246,"Carpinteria, California",0.38,2.34,0.0,41.16,37.83,0.29,3.68,14.32
247,"Carlsbad, California",0.86,8.04,0.22,70.91,13.88,0.2,4.23,1.66
248,"Capitola, California",0.55,4.59,0.0,59.34,24.67,0.24,7.63,2.99
249,"Canyon Lake, California",0.69,3.61,0.83,77.36,11.82,0.19,2.59,2.91
250,"Campbell, California",3.0,19.12,0.07,49.77,17.72,0.59,5.5,4.24
251,"Camarillo, California",1.54,10.03,0.15,55.19,24.05,0.39,5.56,3.09
252,"Cerritos, California",6.91,55.65,0.42,13.86,12.48,0.37,5.07,5.22
253,"Colma, California",3.02,22.7,0.0,22.17,35.68,0.3,9.01,7.11
254,"Colton, California",5.85,3.83,0.19,14.2,56.39,0.78,2.82,15.94
255,"Colusa, California",2.08,1.22,0.2,33.89,53.81,0.14,2.97,5.69
256,"Dinuba, California",0.37,1.94,0.01,8.27,72.07,0.39,2.05,14.88
257,"Diamond Bar, California",3.53,50.37,0.51,17.39,17.66,0.38,3.61,6.55
258,"Desert Hot Springs, California",8.27,2.38,0.06,24.82,48.75,0.55,3.85,11.33
259,"Del Rey Oaks, California",2.5,4.87,0.3,72.0,13.69,0.18,4.93,1.52
260,"Del Mar, California",0.53,2.28,0.0,88.99,7.28,0.0,0.92,0.0
261,"Delano, California",3.79,11.0,0.2,5.06,69.2,0.79,1.51,8.44
262,"Davis, California",2.18,21.14,0.19,52.96,13.19,0.19,6.43,3.72
263,"Danville, California",1.02,12.96,0.09,75.29,6.19,0.02,3.69,0.73
264,"Dana Point, California",1.14,2.93,0.05,68.1,16.19,0.38,3.31,7.89
265,"Daly City, California",2.81,49.59,0.95,11.12,20.77,0.33,4.07,10.35
266,"Cypress, California",3.7,32.92,0.34,36.41,18.72,0.34,4.61,2.96
267,"Cupertino, California",0.76,66.75,0.16,24.62,3.59,0.11,2.93,1.08
268,"Culver City, California",7.73,15.1,0.13,43.0,21.65,0.51,6.08,5.81
269,"Cudahy, California",0.33,0.44,0.19,2.39,80.69,0.31,1.62,14.03
270,"Crescent City, California",6.43,3.71,0.0,49.24,33.92,3.16,1.75,1.79
271,"Covina, California",3.0,10.37,0.02,17.25,45.16,1.45,4.07,18.68
272,"Cotati, California",2.52,1.78,0.16,63.97,19.05,0.0,5.29,7.23
273,"Costa Mesa, California",1.68,7.36,0.57,43.54,31.59,0.37,3.5,11.38
274,"Coronado, California",3.87,3.6,0.14,72.03,15.12,0.71,2.96,1.59
275,"Corona, California",5.12,9.55,0.45,31.08,37.97,0.3,4.02,11.51
276,"Corning, California",0.71,0.27,0.0,46.15,39.29,2.75,1.47,9.35
277,"Corcoran, California",8.92,0.66,0.09,14.22,55.1,1.58,2.7,16.73
278,"Lomita, California",4.11,13.21,0.0,34.89,29.3,0.69,6.97,10.82
279,"Compton, California",22.36,0.62,0.21,0.9,51.78,0.23,1.19,22.71
280,"Commerce, California",1.21,0.45,0.09,0.96,76.24,1.36,1.51,18.18
281,"Calistoga, California",0.45,4.27,0.27,47.01,35.86,1.64,0.78,9.71
282,"Calimesa, California",1.12,1.86,0.0,59.38,26.29,0.62,4.95,5.77
283,"California City, California",23.94,3.45,0.22,30.94,28.0,1.77,5.46,6.23
284,"Calexico, California",0.31,0.53,0.0,1.04,83.17,0.14,1.09,13.73
285,"Azusa, California",2.47,9.34,0.12,13.99,47.28,0.85,4.19,21.76
286,"Avenal, California",2.96,0.25,0.01,7.69,54.86,0.71,1.04,32.49
287,"Avalon, California",0.02,0.0,0.02,32.25,47.96,0.0,5.3,14.46
288,"Auburn, California",0.19,1.87,0.0,80.12,9.84,0.14,6.67,1.17
289,"Atwater, California",3.02,2.5,0.09,24.71,43.74,0.6,3.64,21.71
290,"Atherton, California",0.93,20.16,0.11,68.78,4.76,0.6,3.47,1.19
291,"Atascadero, California",0.86,1.6,0.07,73.75,16.5,0.62,4.78,1.8
292,"Arvin, California",1.01,0.09,0.0,4.41,86.31,0.15,0.75,7.28
293,"Artesia, California",2.31,30.1,0.31,13.54,32.11,0.4,3.58,17.64
294,"Arroyo Grande, California",0.74,4.27,0.64,70.16,16.06,1.42,3.46,3.25
295,"Arcata, California",2.83,2.13,0.36,65.13,14.99,1.58,6.73,6.27
296,"Arcadia, California",1.62,57.62,0.28,20.74,11.62,0.27,3.16,4.69
297,"Apple Valley, California",8.4,2.74,0.03,46.31,34.03,0.68,4.42,3.39
298,"Antioch, California",17.01,9.08,0.86,24.22,28.1,0.61,7.86,12.25
299,"Anderson, California",2.13,2.39,0.21,69.71,14.2,4.65,5.04,1.66
300,"Anaheim, California",2.2,15.02,0.34,22.23,48.44,0.35,2.97,8.46
301,"American Canyon, California",6.87,32.16,0.44,20.53,24.8,0.74,6.51,7.95
302,"Alturas, California",3.17,0.38,0.0,79.78,12.17,0.87,3.63,0.0
303,"Aliso Viejo, California",1.82,13.99,0.06,55.22,17.8,0.51,6.14,4.45
304,"Alhambra, California",1.79,41.84,0.27,7.39,29.36,0.39,2.32,16.63
305,"Albany, California",2.29,27.54,0.5,42.53,11.71,0.8,7.97,6.66
306,"Alameda, California",6.73,29.37,0.48,40.27,11.29,0.37,7.72,3.78
307,"Agoura Hills, California",2.59,7.86,0.0,72.73,10.41,0.0,3.65,2.75
308,"Adelanto, California",17.78,1.08,0.22,10.31,56.01,0.29,4.61,9.7
309,"Bakersfield, California",6.41,6.39,0.19,29.17,43.15,0.91,3.4,10.38
310,"Dixon, California",1.91,3.56,0.38,39.06,35.16,0.48,5.84,13.6
311,"Baldwin Park, California",1.58,13.56,0.48,2.82,52.86,0.99,3.75,23.94
312,"Barstow, California",16.39,2.64,1.25,24.18,40.79,2.56,6.6,5.58
313,"Calabasas, California",0.78,9.42,0.0,75.09,8.18,0.3,5.14,1.09
314,"Burlingame, California",1.44,23.54,0.16,51.2,11.58,0.18,6.57,5.33
315,"Burbank, California",2.56,11.41,0.01,51.56,21.56,0.61,4.5,7.81
316,"Burbank, California",0.83,7.79,0.74,25.69,36.19,0.0,4.23,24.53
317,"Buena Park, California",2.71,28.04,0.8,21.89,34.4,0.66,3.53,7.98
318,"Buellton, California",0.39,0.76,0.0,60.38,30.73,0.11,3.37,4.25
319,"Broadmoor, California",0.91,40.14,0.0,18.34,26.16,0.0,1.3,13.15
320,"Brisbane, California",5.59,25.77,0.0,40.81,17.52,0.0,3.71,6.6
321,"Brentwood, California",7.02,9.63,0.51,47.99,19.6,0.61,7.83,6.81
322,"Brea, California",1.74,19.31,0.17,40.79,28.74,0.77,3.93,4.55
323,"Brawley, California",1.57,0.78,0.45,10.81,71.18,0.5,5.54,9.17
324,"Bradbury, California",0.85,40.21,0.0,41.49,14.36,0.0,1.7,1.38
325,"Blythe, California",9.04,1.68,0.21,19.28,43.8,0.62,4.8,20.56
326,"Bishop, California",0.7,2.8,0.0,62.11,25.86,0.35,6.64,1.55
327,"Biggs, California",0.0,1.66,0.0,34.76,41.35,2.73,12.74,6.77
328,"Beverly Hills, California",1.62,9.33,0.0,76.05,6.09,0.14,4.71,2.06
329,"Berkeley, California",7.62,19.06,0.44,50.81,10.76,0.5,7.09,3.74
330,"Benicia, California",5.59,11.05,0.16,60.67,12.68,0.23,7.13,2.48
331,"Belvedere, California",0.0,3.24,0.0,91.09,3.05,0.0,2.62,0.0
332,"Belmont, California",1.16,27.3,0.4,53.12,10.4,0.19,5.69,1.75
333,"Bell Gardens, California",0.67,0.73,0.02,2.24,79.9,0.26,0.73,15.45
334,"Bellflower, California",9.02,9.11,0.43,11.68,39.71,0.3,2.97,26.78
335,"Bell, California",1.32,0.65,0.16,4.69,78.35,0.51,1.34,12.98
336,"Beaumont, California",6.61,7.24,0.15,33.99,38.2,0.55,4.18,9.09
337,"Banning, California",7.55,4.46,0.02,31.47,40.59,2.05,2.73,11.13
338,"Dorris, California",1.72,0.0,0.0,56.99,29.35,4.3,3.01,4.62
339,"Concord, California",3.2,10.33,0.31,43.42,26.22,0.4,6.15,9.97
340,"Downey, California",2.5,5.71,0.27,11.19,57.26,0.42,2.32,20.33
341,"King City, California",0.45,1.26,0.0,4.59,62.16,0.41,1.76,29.37
342,"Dos Palos, California",1.26,0.64,0.0,15.85,52.64,1.08,6.59,21.94
343,"Kensington, California",1.65,11.78,0.02,69.41,7.45,0.23,8.96,0.48
344,"Jurupa Valley, California",2.28,2.3,0.13,15.41,50.78,0.68,2.81,25.61
345,"Jackson, California",0.43,3.12,0.48,79.66,9.93,0.0,4.41,1.97
346,"Isleton, California",2.18,1.89,1.89,40.78,34.83,1.16,3.92,13.35
347,"Irwindale, California",0.15,0.51,0.0,4.65,66.41,0.26,2.66,25.36
348,"Irvine, California",1.8,40.83,0.2,39.37,9.95,0.16,5.03,2.67
349,"Ione, California",8.33,1.25,0.16,54.51,21.11,1.28,5.45,7.92
350,"Inglewood, California",33.04,1.52,0.28,3.18,39.28,0.87,3.49,18.36
351,"Industry, California",0.71,6.86,0.0,19.86,51.3,0.0,7.57,13.71
352,"Kingsburg, California",0.26,2.69,0.0,46.7,37.86,0.9,5.14,6.45
353,"Indio, California",1.9,1.85,0.01,20.14,46.73,0.47,2.11,26.79
354,"Imperial Beach, California",4.45,6.61,0.03,27.14,46.29,1.54,8.31,5.62
355,"Imperial, California",1.41,2.53,0.0,14.23,64.61,0.57,4.17,12.49
356,"Huron, California",0.18,0.0,0.0,2.36,62.97,2.59,0.59,31.32
357,"Huntington Park, California",0.96,0.42,0.21,1.14,72.49,0.51,0.76,23.5
358,"Huntington Beach, California",1.29,11.09,0.37,56.48,18.27,0.52,4.94,7.05
359,"Hughson, California",0.62,5.32,0.41,55.23,30.47,0.85,1.04,6.06
360,"Holtville, California",0.44,1.46,0.0,12.69,66.53,0.0,5.85,13.03
361,"Hollister, California",0.6,2.04,0.2,23.98,59.25,0.85,4.51,8.56
362,"Hillsborough, California",1.02,30.64,0.0,58.31,4.04,0.15,4.96,0.88
363,"Highland, California",6.92,6.84,0.91,22.47,44.03,1.15,4.16,13.52
364,"Hidden Hills, California",0.0,3.94,0.0,86.49,7.69,0.0,0.67,1.21
365,"Indian Wells, California",1.07,1.7,0.0,88.96,5.21,0.0,1.37,1.68
366,"Lafayette, California",0.94,11.78,0.04,73.02,7.64,0.17,5.45,0.97
367,"Laguna Beach, California",0.79,3.65,0.31,83.59,7.28,0.14,2.73,1.5
368,"Lodi, California",1.5,7.68,0.5,38.92,30.47,0.44,12.68,7.82
369,"Livingston, California",0.51,14.5,0.0,2.33,49.31,0.77,1.91,30.67
370,"Livermore, California",1.67,10.55,0.49,59.26,19.14,0.23,5.56,3.11
371,"Lindsay, California",0.31,1.03,0.0,9.44,73.98,0.28,1.75,13.2
372,"Lincoln, California",1.69,5.88,0.36,63.7,19.16,0.16,3.39,5.65
373,"Lemoore, California",4.69,6.29,0.12,29.8,36.28,1.34,4.61,16.88
374,"Lemon Grove, California",12.77,5.44,0.4,25.82,41.73,0.42,5.56,7.85
375,"Lawndale, California",6.27,7.71,0.56,10.93,46.34,0.24,5.63,22.34
376,"La Verne, California",3.07,8.44,0.12,43.57,32.78,0.62,5.45,5.96
377,"La Quinta, California",1.68,3.33,0.04,51.36,30.21,0.1,2.92,10.36
378,"La Puente, California",0.76,7.23,0.25,2.28,55.73,0.68,1.43,31.64
379,"La Palma, California",5.44,44.92,0.62,24.48,16.75,0.61,4.61,2.56
380,"Lancaster, California",19.85,4.01,0.14,28.35,36.2,0.61,4.24,6.6
381,"La Mirada, California",1.73,16.51,0.06,26.82,34.04,0.46,4.64,15.75
382,"La Mesa, California",6.88,6.28,0.28,51.26,23.88,0.49,6.43,4.5
383,"Lakewood, California",6.31,15.91,0.96,29.52,28.43,0.39,4.88,13.59
384,"Lakeport, California",0.45,4.49,0.04,62.15,18.14,3.5,2.43,8.81
385,"Lake Forest, California",2.03,15.68,0.1,49.36,20.74,1.08,4.5,6.5
386,"Lake Elsinore, California",4.36,3.74,0.04,23.31,40.02,0.33,4.72,23.48
387,"La Habra Heights, California",0.07,16.13,0.0,47.98,23.06,0.15,2.03,10.58
388,"La Habra, California",0.82,9.45,0.0,20.3,46.52,0.5,3.54,18.87
389,"Laguna Woods, California",0.45,19.21,0.0,73.27,5.02,0.05,0.95,1.05
390,"Laguna Niguel, California",1.68,9.47,0.25,61.44,15.87,0.33,5.3,5.66
391,"Laguna Hills, California",1.63,13.71,0.04,53.43,19.15,0.15,6.08,5.81
392,"Hesperia, California",4.63,1.93,0.1,30.29,53.03,1.22,2.79,6.0
393,"Hermosa Beach, California",1.31,6.06,0.0,75.5,9.57,0.75,5.45,1.35
394,"Kerman, California",0.01,4.17,0.03,9.46,68.81,0.4,2.79,14.34
395,"Hemet, California",7.26,3.13,0.29,38.32,39.03,1.32,3.84,6.81
396,"Folsom, California",3.29,16.42,0.34,59.67,11.36,0.46,5.66,2.79
397,"Firebaugh, California",0.0,0.02,0.0,7.72,68.22,0.27,0.0,23.76
398,"Fillmore, California",0.27,1.35,0.09,18.24,69.75,0.62,2.53,7.15
399,"Ferndale, California",0.0,2.43,0.0,87.57,4.79,0.86,2.14,2.21
400,"Farmersville, California",1.51,0.19,0.0,8.28,71.11,0.56,0.26,18.08
401,"Fairfield, California",12.84,15.52,1.26,27.71,26.46,0.47,6.94,8.81
402,"Fairfax, California",0.35,4.56,0.25,80.45,8.49,0.21,5.35,0.34
403,"Exeter, California",1.26,2.43,0.0,41.86,38.61,1.78,1.45,12.61
404,"Eureka, California",1.98,7.22,0.0,64.77,11.81,2.3,6.48,5.44
405,"Etna, California",1.9,0.54,0.0,84.9,4.35,4.35,3.95,0.0
406,"Escondido, California",2.13,6.05,0.25,31.31,45.77,0.87,3.79,9.82
407,"Fontana, California",5.97,4.41,0.16,9.57,48.11,0.47,3.29,28.03
408,"Escalon, California",0.58,1.06,0.0,65.61,23.72,0.55,4.38,4.11
409,"Emeryville, California",12.93,26.66,0.56,39.36,10.01,0.34,5.68,4.47
410,"El Segundo, California",3.58,9.15,0.04,60.51,12.22,0.35,10.08,4.06
411,"Elk Grove, California",10.73,26.47,1.51,32.51,16.82,0.74,7.95,3.28
412,"El Cerrito, California",1.45,3.26,0.56,31.48,44.09,2.79,3.12,13.24
413,"El Cerrito, California",5.17,26.57,0.64,45.93,10.32,0.89,7.6,2.89
414,"El Centro, California",1.36,1.51,0.29,5.93,56.78,0.4,3.46,30.27
415,"El Cajon, California",5.35,3.38,0.4,50.95,25.42,0.46,5.77,8.26
416,"Eastvale, California",7.54,22.23,0.05,17.15,34.5,0.45,6.99,11.09
417,"East Palo Alto, California",8.44,3.41,7.57,5.81,44.38,0.74,2.93,26.72
418,"Hercules, California",14.35,44.25,0.58,17.01,14.16,0.09,6.0,3.55
419,"Dublin, California",3.57,43.28,0.36,33.86,10.09,0.45,6.1,2.29
420,"Duarte, California",5.92,14.45,0.04,20.42,42.43,0.76,6.17,9.81
421,"Encinitas, California",0.76,3.67,0.06,76.5,12.59,0.3,3.27,2.86
422,"Fort Bragg, California",0.89,1.04,0.16,54.08,28.31,1.11,3.98,10.43
423,"Dunsmuir, California",0.48,1.44,0.0,75.66,11.54,1.86,6.85,2.16
424,"Fortuna, California",0.52,0.3,0.6,65.73,18.44,2.9,4.96,6.55
425,"Fort Jones, California",0.0,11.45,0.0,66.9,10.88,2.06,6.64,2.06
426,"Healdsburg, California",0.0,1.3,0.0,55.51,25.44,0.57,5.14,12.04
427,"Hawthorne, California",18.5,6.06,0.35,7.19,40.69,0.57,5.74,20.9
428,"Hawaiian Gardens, California",3.37,6.4,0.0,3.87,47.67,0.34,2.06,36.29
429,"Hanford, California",4.63,4.53,0.28,32.93,43.92,0.6,4.17,8.94
430,"Gustine, California",0.0,0.21,0.0,34.22,51.64,0.41,2.97,10.54
431,"Guadalupe, California",0.4,3.16,0.83,4.32,76.42,1.54,1.65,11.68
432,"Grover Beach, California",2.52,3.79,0.45,53.05,28.52,0.86,3.85,6.97
433,"Gridley, California",0.8,2.59,0.0,41.68,36.92,0.14,2.87,15.0
434,"Greenfield, California",3.24,2.52,0.0,21.78,53.98,0.0,1.17,17.3
435,"Greenfield, California",0.81,0.16,0.0,4.55,66.02,0.11,0.57,27.78
436,"Grass Valley, California",0.4,1.41,0.0,76.73,11.72,3.66,4.22,1.85
437,"Grand Terrace, California",3.75,5.0,0.41,30.49,42.44,0.34,4.98,12.59
438,"Hayward, California",8.66,21.62,1.8,14.2,34.29,0.61,5.63,13.19
439,"Goleta, California",1.99,7.04,0.08,45.45,30.43,0.72,4.55,9.74
440,"Gonzales, California",0.27,1.7,0.21,3.44,65.41,0.41,0.66,27.92
441,"Fountain Valley, California",0.52,32.73,0.27,42.49,14.83,0.3,4.37,4.49
442,"Fowler, California",0.67,11.99,0.0,14.76,59.51,0.43,3.81,8.82
443,"Fremont, California",2.81,53.24,0.83,18.86,11.98,0.41,4.49,7.38
444,"Fullerton, California",2.35,21.69,0.34,28.48,32.8,0.33,4.29,9.72
445,"Galt, California",1.47,4.32,0.03,41.47,38.67,0.28,4.61,9.13
446,"Foster City, California",2.48,46.68,0.12,36.69,8.01,0.23,4.56,1.22
447,"Garden Grove, California",0.85,34.66,0.19,16.95,31.71,0.41,1.8,13.44
448,"Gilroy, California",1.37,7.64,0.0,26.48,51.71,0.54,4.23,8.02
449,"Glendale, California",1.51,14.53,0.11,58.24,17.04,0.34,3.14,5.08
450,"Glendora, California",1.75,9.62,0.15,43.79,30.21,0.53,5.92,8.02
451,"Gardena, California",18.54,19.93,0.95,7.83,31.03,0.3,3.48,17.94
452,"Palm Bay, Florida",17.98,1.97,0.0,58.76,15.38,0.73,3.17,2.02
453,"Palatka, Florida",42.49,1.32,0.08,46.84,6.91,0.39,1.68,0.29
454,"Pahokee, Florida",55.3,0.0,0.0,9.46,29.06,0.0,0.85,5.32
455,"Oviedo, Florida",8.18,4.49,0.01,59.35,21.54,0.01,2.43,3.99
456,"Ormond Beach, Florida",4.29,2.25,0.0,84.63,6.18,0.12,1.46,1.07
457,"Orlando, Florida",23.6,3.96,0.03,34.66,28.89,0.17,2.93,5.76
458,"Orange City, Florida",6.84,1.43,0.0,66.16,19.5,0.23,0.96,4.88
459,"Ocean Ridge, Florida",0.0,0.84,0.0,84.12,12.52,0.0,1.26,1.26
460,"Oldsmar, Florida",5.85,5.1,0.0,73.27,11.98,0.17,2.04,1.59
461,"Okeechobee, Florida",8.76,1.82,0.0,57.72,27.26,0.87,2.82,0.75
462,"Ocoee, Florida",17.97,4.52,0.0,44.41,22.67,0.29,2.72,7.43
463,"Palm Beach, Florida",0.77,1.66,0.0,91.35,4.01,0.43,0.12,1.66
464,"Orange Park, Florida",12.7,3.59,0.0,59.66,14.5,0.0,5.87,3.68
465,"Palm Beach Gardens, Florida",4.73,3.82,0.02,78.7,9.58,0.14,2.37,0.63
466,"Parkland, Florida",6.49,6.02,0.0,64.69,20.07,0.31,1.69,0.73
467,"Palmetto, Florida",13.17,1.03,0.0,56.9,25.62,0.26,1.56,1.46
468,"Panama City, Florida",20.72,1.92,0.0,63.85,8.06,0.23,4.4,0.81
469,"Panama City Beach, Florida",5.52,4.23,0.0,77.72,5.42,0.35,5.61,1.15
470,"Parker, Florida",16.69,1.11,0.0,76.8,3.6,0.0,1.3,0.5
471,"Ocala, Florida",19.82,3.01,0.13,60.71,13.17,0.05,2.67,0.44
472,"Pembroke Park, Florida",48.69,1.47,0.0,15.37,28.59,1.05,1.81,3.01
473,"Pembroke Pines, Florida",20.27,4.59,0.07,27.61,40.2,0.37,2.38,4.51
474,"Pensacola, Florida",28.51,1.85,0.05,57.39,5.25,0.28,5.94,0.73
475,"Perry, Florida",40.53,0.0,0.0,53.69,2.9,0.46,0.52,1.9
476,"Pinellas Park, Florida",5.57,8.13,0.01,69.72,11.1,0.33,3.51,1.61
477,"Plantation, Florida",21.25,4.21,0.06,43.38,24.76,0.08,3.72,2.55
478,"Plantation, Florida",0.99,0.59,0.0,94.71,2.1,0.0,1.43,0.18
479,"Plant City, Florida",13.17,1.77,0.05,44.86,27.09,0.22,1.58,11.26
480,"Palm Beach Shores, Florida",0.62,0.0,0.0,94.17,3.0,0.0,2.21,0.0
481,"Oakland Park, Florida",25.25,3.06,0.0,34.0,27.52,0.52,6.44,3.22
482,"North Bay Village, Florida",2.66,1.99,0.0,27.26,57.09,0.0,3.03,7.97
483,"North Redington Beach, Florida",0.0,1.69,0.0,93.45,4.34,0.0,0.52,0.0
484,"Mangonia Park, Florida",81.99,0.3,0.0,4.91,10.3,0.0,0.0,2.51
485,"Marco Island, Florida",0.08,1.57,0.0,88.51,8.96,0.0,0.61,0.26
486,"Margate, Florida",27.46,3.84,0.0,37.12,25.22,0.06,3.44,2.86
487,"Marianna, Florida",48.25,0.66,0.0,46.95,1.79,0.36,1.81,0.18
488,"Mascotte, Florida",10.75,0.29,0.0,37.66,40.32,1.5,6.53,2.94
489,"Medley, Florida",0.09,0.62,0.0,7.38,91.46,0.0,0.44,0.0
490,"Melbourne, Florida",10.73,3.57,0.08,68.28,11.19,0.32,3.78,2.05
491,"Melbourne Beach, Florida",0.0,0.9,0.0,88.83,8.28,0.0,1.99,0.0
492,"Mexico Beach, Florida",0.0,2.32,0.0,86.37,5.98,0.39,4.37,0.58
493,"Miami, Florida",16.36,1.0,0.03,9.9,67.16,0.23,1.66,3.65
494,"Miami Beach, Florida",3.48,1.4,0.12,31.89,47.09,0.18,1.76,14.07
495,"Miami Gardens, Florida",68.12,0.61,0.05,2.67,25.48,0.16,1.21,1.7
496,"Miami Lakes, Florida",2.37,0.89,0.0,10.27,82.28,0.02,1.36,2.8
497,"Miami Springs, Florida",1.65,1.37,0.0,18.66,76.98,0.0,0.34,1.0
498,"Milton, Florida",9.03,2.4,1.91,71.14,8.7,0.68,5.19,0.96
499,"Minneola, Florida",11.82,1.17,0.0,57.11,22.96,0.95,2.34,3.65
500,"North Port, Florida",7.8,1.98,0.0,79.36,7.73,0.08,2.46,0.58
501,"North Miami Beach, Florida",39.42,2.93,0.07,17.1,35.66,0.17,1.37,3.29
502,"North Miami, Florida",59.11,1.6,0.01,9.17,26.08,0.02,1.27,2.72
503,"North Lauderdale, Florida",50.16,4.27,0.34,10.62,26.86,0.21,5.33,2.21
504,"Pompano Beach, Florida",31.96,1.22,0.01,41.86,20.19,0.19,3.01,1.55
505,"Oakland, Florida",20.59,3.35,0.0,53.92,13.63,0.0,3.71,4.81
506,"Niceville, Florida",8.08,2.59,0.0,79.41,4.42,0.12,5.12,0.26
507,"New Port Richey, Florida",4.58,0.84,0.0,78.4,12.51,0.68,2.03,0.97
508,"Neptune Beach, Florida",1.27,1.36,0.0,90.68,3.94,0.59,2.08,0.08
509,"Naples, Florida",4.79,0.67,0.0,89.2,4.58,0.02,0.54,0.2
510,"Mount Dora, Florida",15.08,0.78,0.0,65.46,12.32,0.99,4.55,0.82
511,"Monticello, Florida",48.69,0.0,0.0,48.64,1.49,0.35,0.83,0.0
512,"Miramar, Florida",43.52,5.85,0.01,11.65,33.3,0.11,3.39,2.19
513,"New Smyrna Beach, Florida",4.2,0.97,0.03,89.05,2.92,0.64,1.63,0.55
514,"Port Orange, Florida",5.69,3.35,0.02,80.18,6.91,0.84,2.01,1.0
515,"Sanford, Florida",26.27,3.95,0.01,37.69,23.83,0.26,4.01,3.99
516,"Port St. Lucie, Florida",18.18,2.17,0.02,55.26,19.4,0.35,2.63,1.99
517,"Tavares, Florida",11.58,1.82,0.05,71.23,10.83,0.18,2.5,1.82
518,"Temple Terrace, Florida",20.92,4.3,0.2,48.42,18.39,0.2,5.48,2.09
519,"Titusville, Florida",11.55,2.18,0.23,75.89,6.27,0.49,2.58,0.8
520,"Treasure Island, Florida",0.36,1.84,0.16,89.59,5.53,0.0,1.93,0.59
521,"Trenton, Florida",14.38,0.0,0.0,68.41,13.8,0.0,2.46,0.94
522,"Umatilla, Florida",0.67,0.0,0.0,91.55,7.78,0.0,0.0,0.0
523,"Valparaiso, Florida",8.13,3.35,0.0,66.14,11.85,1.92,8.5,0.12
524,"Venice, Florida",0.88,1.82,0.24,93.46,2.06,0.16,1.12,0.26
525,"Vero Beach, Florida",7.25,1.06,0.05,79.54,8.59,0.66,1.52,1.33
526,"Wauchula, Florida",11.6,0.99,0.4,45.89,32.22,0.15,1.54,7.21
527,"Welaka, Florida",37.52,0.0,0.0,56.72,5.17,0.0,0.59,0.0
528,"Westlake, Florida",0.0,0.0,0.0,100.0,0.0,0.0,0.0,0.0
529,"West Melbourne, Florida",5.61,7.77,0.0,70.1,9.88,0.37,4.25,2.02
530,"Manalapan, Florida",0.71,0.71,1.07,92.5,5.0,0.0,0.0,0.0
531,"Winter Springs, Florida",5.16,3.84,0.0,65.3,18.02,0.08,4.12,3.48
532,"Winter Park, Florida",7.48,3.33,0.0,74.35,10.28,0.45,2.44,1.67
533,"Winter Haven, Florida",25.94,1.5,0.05,54.4,14.14,0.33,2.58,1.05
534,"Winter Garden, Florida",12.91,6.18,0.46,44.46,24.54,0.13,4.11,7.22
535,"Windermere, Florida",0.98,3.23,0.0,83.98,8.23,0.0,2.22,1.36
536,"Tarpon Springs, Florida",6.93,1.4,0.03,78.92,9.08,0.15,2.68,0.81
537,"Wilton Manors, Florida",12.19,1.16,0.05,72.27,11.77,0.0,1.18,1.36
538,"Wildwood, Florida",19.78,4.32,0.0,70.18,3.71,0.84,1.17,0.0
539,"White Springs, Florida",44.75,0.0,0.0,44.23,0.92,0.92,9.19,0.0
540,"West Park, Florida",53.04,0.61,0.0,14.34,26.32,0.3,2.72,2.67
541,"West Palm Beach, Florida",33.03,2.72,0.07,36.28,23.09,0.06,1.87,2.88
542,"Weston, Florida",4.26,5.13,0.04,32.77,50.42,0.42,3.26,3.71
543,"West Miami, Florida",2.48,0.0,0.0,6.03,89.57,0.0,1.14,0.78
544,"Williston, Florida",23.5,0.59,0.0,65.47,8.46,0.0,1.25,0.74
545,"Port St. Joe, Florida",41.73,0.78,0.0,50.18,5.79,0.0,1.51,0.0
546,"Tampa, Florida",22.95,3.97,0.05,42.34,24.37,0.31,3.57,2.45
547,"Tallahassee, Florida",34.29,4.36,0.04,50.79,6.78,0.17,2.56,1.0
548,"Punta Gorda, Florida",2.4,0.68,0.0,89.25,6.07,0.26,0.85,0.5
549,"Quincy, Florida",63.13,0.75,0.0,22.11,13.06,0.25,0.52,0.19
550,"Riviera Beach, Florida",68.6,1.87,0.0,20.08,6.34,0.01,1.76,1.34
551,"Rockledge, Florida",13.04,2.3,0.0,70.89,9.69,0.23,2.81,1.05
552,"Safety Harbor, Florida",4.66,2.0,0.04,82.26,7.41,0.02,2.22,1.39
553,"Sanibel, Florida",0.3,0.18,0.0,96.97,1.33,0.62,0.23,0.36
554,"Sarasota, Florida",13.4,1.55,0.0,65.8,15.9,0.26,1.7,1.38
555,"Satellite Beach, Florida",3.77,0.71,0.5,82.59,8.64,0.47,3.2,0.11
556,"Sebastian, Florida",6.46,0.27,0.2,83.67,6.49,0.27,1.8,0.84
557,"Sebring, Florida",16.58,0.43,0.13,55.97,18.29,0.16,2.48,5.97
558,"Seminole, Florida",2.09,3.93,0.24,86.18,4.91,0.42,1.74,0.49
559,"Sewall's Point, Florida",1.28,0.0,0.0,90.29,5.23,0.0,2.66,0.52
560,"Sneads, Florida",20.6,0.0,0.0,74.34,2.42,0.26,1.42,0.95
561,"South Bay, Florida",53.62,0.7,0.0,17.31,23.92,0.21,1.96,2.28
562,"South Daytona, Florida",13.78,0.6,0.05,73.61,7.03,0.69,3.5,0.74
563,"South Miami, Florida",13.22,5.15,0.05,25.19,51.51,0.0,2.98,1.91
564,"Sweetwater, Florida",2.14,1.06,0.25,2.75,91.91,0.12,0.97,0.8
565,"Surfside, Florida",0.36,0.64,0.0,50.51,38.8,0.0,0.0,9.7
566,"Sunrise, Florida",33.75,3.55,0.02,27.27,29.8,0.17,2.68,2.77
567,"Sunny Isles Beach, Florida",2.72,2.2,0.0,49.75,42.14,0.47,1.17,1.54
568,"Stuart, Florida",14.13,2.52,0.0,65.59,13.47,0.0,2.28,2.01
569,"St. Petersburg, Florida",22.26,3.64,0.07,61.54,7.74,0.23,3.23,1.29
570,"Tamarac, Florida",28.95,3.09,0.02,34.84,27.94,0.29,2.63,2.25
571,"St. Pete Beach, Florida",0.21,3.05,0.0,90.97,3.93,0.16,1.14,0.56
572,"St. Augustine Beach, Florida",0.03,0.0,0.0,89.14,8.12,0.0,0.43,2.29
573,"St. Augustine, Florida",10.82,0.92,0.17,79.64,5.59,0.42,1.59,0.84
574,"Starke, Florida",30.77,0.0,0.0,61.4,5.66,0.13,1.65,0.39
575,"Springfield, Florida",23.84,1.03,0.11,62.05,7.71,0.46,4.05,0.76
576,"Southwest Ranches, Florida",5.53,4.23,0.25,49.68,36.31,0.0,3.1,0.91
577,"Zephyrhills, Florida",5.33,1.52,0.0,72.55,13.92,0.46,3.38,2.84
578,"St. Cloud, Florida",6.91,1.65,0.0,44.05,34.5,0.89,3.79,8.2
579,"Maitland, Florida",14.36,3.67,0.0,60.46,15.26,0.0,3.1,3.17
