,Location,Blacks,Asians,NativeHawaiian_PacificIslanders,Whites,Hispanic_Latinos,AmericanIndian_AlaskanNatives,Two_or_Mores,Others
0,"La Fayette, Alabama",61.32,0.99,0.0,30.18,4.02,0.53,0.0,2.97
1,"Altoona, Alabama",1.34,0.22,0.0,93.06,3.36,0.0,1.57,0.45
2,"Benton, Alabama",0.0,0.0,0.0,100.0,0.0,0.0,0.0,0.0
3,"Mosses, Alabama",99.72,0.0,0.0,0.0,0.0,0.0,0.28,0.0
4,"Ohatchee, Alabama",2.86,0.0,0.0,94.82,0.15,0.77,1.39,0.0
5,"Saks, Alabama",23.25,1.98,0.08,65.18,3.7,1.27,2.79,1.76
6,"New Brockton, Alabama",15.26,0.27,0.0,73.91,1.69,4.35,4.35,0.18
7,"Madrid, Alabama",17.28,1.0,0.0,78.07,3.65,0.0,0.0,0.0
8,"Oakman, Alabama",19.09,0.57,0.0,73.55,2.26,0.0,4.53,0.0
9,"Toxey, Alabama",32.2,0.0,0.0,67.8,0.0,0.0,0.0,0.0
10,"Sylvan Springs, Alabama",5.09,0.54,0.0,93.29,0.54,0.24,0.3,0.0
11,"Helena, Alabama",14.58,1.61,0.06,74.52,2.72,0.22,3.63,2.65
12,"Hoover, Alabama",16.85,4.79,0.02,67.49,6.05,0.16,1.95,2.7
13,"Midfield, Alabama",79.38,0.11,0.0,9.12,6.98,0.0,1.11,3.31
14,"Vestavia Hills, Alabama",3.59,3.81,0.07,86.57,3.33,0.07,1.1,1.46
15,"Andalusia, Alabama",24.96,0.87,0.0,69.74,2.0,0.0,1.83,0.61
16,"Horn Hill, Alabama",0.0,0.0,0.0,99.24,0.76,0.0,0.0,0.0
17,"Onycha, Alabama",0.0,0.0,0.0,100.0,0.0,0.0,0.0,0.0
18,"Red Level, Alabama",2.47,0.0,0.0,95.68,1.85,0.0,0.0,0.0
19,"Birmingham, Alabama",69.28,0.91,0.02,22.99,3.62,0.22,1.54,1.43
20,"Fort Deposit, Alabama",83.37,0.0,0.0,16.63,0.0,0.0,0.0,0.0
21,"Reece City, Alabama",1.23,1.92,0.0,88.48,7.27,0.0,1.1,0.0
22,"Trafford, Alabama",8.44,0.0,0.0,86.88,0.0,0.0,4.69,0.0
23,"Rock Creek, Alabama",1.77,0.0,0.0,91.73,3.25,1.55,1.7,0.0
24,"Babbie, Alabama",0.54,0.0,0.0,93.9,1.26,0.0,4.31,0.0
25,"Shorter, Alabama",69.75,0.0,0.0,29.79,0.0,0.0,0.46,0.0
26,"Tuskegee, Alabama",95.89,0.57,0.0,1.43,1.89,0.11,0.11,0.0
27,"Clayton, Alabama",63.18,0.17,0.0,32.41,1.78,1.03,1.2,0.24
28,"Heath, Alabama",11.8,0.0,0.0,87.32,0.88,0.0,0.0,0.0
29,"Opp, Alabama",21.08,0.12,0.0,75.45,0.88,0.66,1.81,0.0
30,"Hayneville, Alabama",92.7,0.0,0.0,7.3,0.0,0.0,0.0,0.0
31,"Carrollton, Alabama",43.53,0.0,0.0,46.05,5.67,0.0,3.63,1.12
32,"Boaz, Alabama",2.88,0.05,0.0,87.29,8.52,0.0,0.97,0.29
33,"Rainbow City, Alabama",14.42,2.58,0.0,78.16,4.15,0.0,0.55,0.13
34,"Lowndesboro, Alabama",5.05,0.0,0.0,94.95,0.0,0.0,0.0,0.0
35,"Alexandria, Alabama",15.05,0.0,0.0,82.88,1.62,0.45,0.0,0.0
36,"Brookside, Alabama",27.63,0.2,0.0,71.65,0.2,0.33,0.0,0.0
37,"Forestdale, Alabama",72.7,0.36,0.0,21.62,2.74,0.5,0.9,1.18
38,"Gardendale, Alabama",10.88,2.44,0.0,81.02,2.82,0.25,0.4,2.19
39,"Grayson Valley, Alabama",42.81,1.51,0.0,48.51,4.94,0.0,0.94,1.29
40,"Graysville, Alabama",26.82,0.0,0.0,70.18,0.0,0.0,3.0,0.0
41,"Hueytown, Alabama",38.69,0.35,0.06,56.82,1.78,0.0,0.77,1.54
42,"Berry, Alabama",3.43,0.29,0.0,93.64,0.0,0.0,2.64,0.0
43,"Belk, Alabama",0.0,0.0,0.0,100.0,0.0,0.0,0.0,0.0
44,"Anniston, Alabama",51.87,1.69,0.0,41.43,1.42,0.08,3.33,0.18
45,"Atmore, Alabama",54.97,0.3,0.73,39.23,1.19,0.67,1.96,0.94
46,"Mignon, Alabama",22.69,0.0,0.0,72.28,0.0,0.82,4.21,0.0
47,"Triana, Alabama",64.74,2.17,0.0,21.1,8.67,0.0,2.75,0.58
48,"Meadowbrook, Alabama",2.77,0.26,0.0,94.43,2.16,0.0,0.27,0.12
49,"Dayton, Alabama",19.23,0.0,0.0,80.77,0.0,0.0,0.0,0.0
50,"Demopolis, Alabama",56.25,0.0,0.0,42.04,0.67,0.2,0.16,0.67
51,"Sweet Water, Alabama",10.43,0.0,0.0,89.57,0.0,0.0,0.0,0.0
52,"Huguley, Alabama",23.41,4.0,0.0,72.33,0.26,0.0,0.0,0.0
53,"Shiloh, Alabama",0.0,0.0,0.0,90.03,0.0,7.17,2.8,0.0
54,"Ozark, Alabama",32.55,1.7,0.0,57.05,4.43,0.76,3.1,0.41
55,"Goldville, Alabama",0.0,0.0,0.0,96.97,3.03,0.0,0.0,0.0
56,"Waverly, Alabama",14.29,0.0,0.0,85.71,0.0,0.0,0.0,0.0
57,"Valley, Alabama",39.73,2.32,0.0,53.41,3.74,0.16,0.63,0.0
58,"Littleville, Alabama",0.36,0.18,0.0,95.88,1.34,1.16,1.08,0.0
59,"Bear Creek, Alabama",0.0,0.0,0.0,93.36,1.88,0.55,2.34,1.88
60,"Lexington, Alabama",1.28,0.0,0.0,95.4,1.39,0.86,1.07,0.0
61,"Decatur, Alabama",21.33,0.52,0.0,57.34,12.57,0.28,2.33,5.61
62,"Lincoln, Alabama",26.42,1.28,0.0,67.42,0.3,0.0,4.27,0.3
63,"Woodland, Alabama",6.86,0.0,0.0,92.65,0.49,0.0,0.0,0.0
64,"Fairhope, Alabama",4.7,1.49,0.0,87.8,3.85,0.05,0.68,1.43
65,"Hartselle, Alabama",6.19,2.04,0.0,88.83,1.65,0.17,0.76,0.36
66,"North Johns, Alabama",39.36,0.0,0.0,60.11,0.0,0.0,0.53,0.0
67,"Powell, Alabama",3.21,0.0,0.0,91.37,0.0,1.47,3.95,0.0
68,"Camp Hill, Alabama",91.25,0.0,0.0,6.77,1.08,0.0,0.45,0.45
69,"Lineville, Alabama",36.37,0.0,0.0,55.47,3.96,3.15,0.44,0.61
70,"Heflin, Alabama",6.83,0.0,0.0,90.45,0.9,0.0,1.65,0.17
71,"Akron, Alabama",73.22,0.0,0.0,26.78,0.0,0.0,0.0,0.0
72,"Moundville, Alabama",34.64,1.26,0.0,62.08,0.0,1.05,0.97,0.0
73,"Guntersville, Alabama",11.23,1.0,0.04,82.8,2.51,0.17,1.7,0.56
74,"Pollard, Alabama",12.03,0.0,0.0,38.17,31.95,0.0,0.0,17.84
75,"Orange Beach, Alabama",0.64,0.3,0.0,96.03,0.77,0.0,2.15,0.12
76,"Goshen, Alabama",8.52,0.0,1.35,87.44,0.45,1.79,0.45,0.0
77,"Bay Minette, Alabama",38.89,0.43,0.0,53.84,3.46,0.3,1.54,1.54
78,"Elberta, Alabama",1.23,0.0,0.0,89.87,4.76,3.3,0.84,0.0
79,"Talladega, Alabama",49.82,0.22,0.0,43.26,4.47,0.49,1.22,0.52
80,"New Site, Alabama",9.36,0.0,0.0,89.13,0.63,0.0,0.88,0.0
81,"Wedowee, Alabama",36.59,0.0,0.0,55.65,4.83,0.0,1.65,1.27
82,"Loxley, Alabama",4.87,0.67,0.0,86.78,2.53,2.63,1.48,1.05
83,"Sylvania, Alabama",0.19,0.0,0.0,80.09,8.62,1.35,2.82,6.92
84,"St. Florian, Alabama",8.05,0.49,0.0,89.27,1.22,0.0,0.24,0.73
85,"Somerville, Alabama",9.14,0.0,0.0,85.07,1.87,1.87,1.68,0.37
86,"Oak Grove, Alabama",11.57,0.0,0.0,86.28,2.15,0.0,0.0,0.0
87,"Vincent, Alabama",28.4,0.0,0.0,68.55,0.28,2.27,0.51,0.0
88,"Geraldine, Alabama",0.11,0.0,0.0,87.84,0.43,1.4,10.23,0.0
89,"Point Clear, Alabama",57.74,0.0,0.0,39.32,2.22,0.0,0.73,0.0
90,"Mountain Brook, Alabama",0.95,1.62,0.14,95.8,0.97,0.09,0.42,0.0
91,"Brighton, Alabama",82.21,0.0,0.0,5.2,5.96,0.3,0.83,5.5
92,"Allgood, Alabama",0.0,0.0,0.0,35.34,54.79,0.96,3.15,5.75
93,"Rosa, Alabama",1.0,0.0,0.0,84.5,14.5,0.0,0.0,0.0
94,"Brantley, Alabama",49.46,0.0,0.0,48.03,1.08,0.36,1.08,0.0
95,"Deatsville, Alabama",16.55,0.36,0.0,76.02,3.5,0.0,3.57,0.0
96,"Frisco City, Alabama",47.02,2.12,0.0,46.95,0.0,2.4,1.51,0.0
97,"Courtland, Alabama",44.88,0.0,0.0,52.53,0.91,0.91,0.78,0.0
98,"Aliceville, Alabama",79.9,0.0,0.0,19.89,0.0,0.0,0.21,0.0
99,"Montgomery, Alabama",59.7,2.78,0.01,30.79,3.51,0.17,1.83,1.2
100,"Arley, Alabama",0.18,0.18,0.0,98.41,0.0,0.18,1.06,0.0
101,"Bridgeport, Alabama",8.08,0.0,0.0,85.11,1.39,2.69,2.74,0.0
102,"Pleasant Groves, Alabama",0.0,0.72,0.0,96.39,0.0,1.2,1.68,0.0
103,"Fayette, Alabama",25.04,1.44,0.13,64.31,3.84,0.0,5.23,0.0
104,"Notasulga, Alabama",51.21,0.0,0.0,47.53,0.73,0.0,0.52,0.0
105,"Baileyton, Alabama",0.0,0.0,0.0,92.84,6.42,0.0,0.74,0.0
106,"West Point, Alabama",0.0,2.15,0.0,92.9,2.81,0.0,1.49,0.66
107,"Oak Hill, Alabama",90.91,0.0,0.0,9.09,0.0,0.0,0.0,0.0
108,"Midway, Alabama",97.3,0.0,0.0,2.7,0.0,0.0,0.0,0.0
109,"Lakeview, Alabama",0.0,6.49,0.0,93.51,0.0,0.0,0.0,0.0
110,"Dutton, Alabama",0.0,0.0,0.0,92.55,6.25,0.0,0.0,1.2
111,"Addison, Alabama",0.0,0.0,0.0,97.82,0.0,0.47,1.72,0.0
112,"Billingsley, Alabama",41.32,0.0,0.0,57.02,0.0,1.65,0.0,0.0
113,"Winfield, Alabama",4.26,0.22,0.0,92.1,1.63,0.0,0.55,1.24
114,"Meridianville, Alabama",25.92,2.23,0.0,65.27,1.97,1.17,3.43,0.0
115,"Redstone Arsenal, Alabama",28.92,2.93,0.0,59.51,3.9,1.11,3.0,0.63
116,"Ladonia, Alabama",10.97,0.88,0.0,80.43,2.67,0.0,2.9,2.16
117,"York, Alabama",87.62,0.0,0.0,12.02,0.0,0.0,0.36,0.0
118,"McKenzie, Alabama",37.01,0.0,0.0,62.5,0.0,0.33,0.16,0.0
119,"Columbiana, Alabama",28.54,0.0,0.0,65.88,1.72,0.11,0.76,2.99
120,"Centreville, Alabama",14.98,1.38,0.0,81.32,2.02,0.0,0.3,0.0
121,"Luverne, Alabama",33.42,3.61,0.0,59.36,0.0,0.0,3.61,0.0
122,"Rutledge, Alabama",23.97,0.0,0.0,67.49,0.0,4.41,4.13,0.0
123,"Yellow Bluff, Alabama",96.64,0.0,0.0,0.67,0.0,2.68,0.0,0.0
124,"West Blocton, Alabama",19.97,0.0,0.0,77.51,1.48,0.0,1.04,0.0
125,"Gordo, Alabama",39.76,0.0,0.43,54.2,0.0,0.0,5.6,0.0
126,"Brent, Alabama",47.89,0.0,0.0,47.79,2.75,0.16,1.23,0.18
127,"Section, Alabama",0.0,0.0,0.0,99.37,0.0,0.63,0.0,0.0
128,"Skyline, Alabama",0.0,0.0,0.0,74.19,13.36,3.64,3.85,4.96
129,"South Vinemont, Alabama",1.69,0.77,0.0,67.74,26.57,0.0,0.0,3.23
130,"Carolina, Alabama",0.0,3.88,0.0,93.02,0.0,0.0,3.1,0.0
131,"River Falls, Alabama",45.36,0.0,0.0,54.64,0.0,0.0,0.0,0.0
132,"Gu-Win, Alabama",3.39,0.0,0.0,87.29,2.54,0.0,6.78,0.0
133,"Bon Air, Alabama",20.69,0.0,0.0,71.26,0.0,3.45,4.6,0.0
134,"Waldo, Alabama",38.7,0.0,0.0,59.39,0.0,0.0,1.92,0.0
135,"Newton, Alabama",12.3,2.14,0.0,82.04,0.81,0.81,1.91,0.0
136,"Coffee Springs, Alabama",9.23,0.0,0.0,89.74,0.0,0.0,1.03,0.0
137,"Linden, Alabama",37.56,0.0,0.0,60.29,1.03,0.49,0.44,0.2
138,"Ethelsville, Alabama",43.79,0.0,0.0,52.07,0.0,0.0,4.14,0.0
139,"Pine Apple, Alabama",50.32,0.0,0.0,48.39,0.0,1.29,0.0,0.0
140,"Haleyville, Alabama",1.03,0.0,0.0,87.43,8.13,0.0,0.98,2.44
141,"County Line, Alabama",0.0,0.73,0.0,98.18,0.0,1.09,0.0,0.0
142,"Nauvoo, Alabama",0.0,0.0,0.0,91.88,7.5,0.0,0.62,0.0
143,"Holt, Alabama",42.51,0.0,0.0,28.49,25.86,0.0,0.19,2.96
144,"Northport, Alabama",26.13,0.65,0.0,67.96,3.67,0.13,0.52,0.94
145,"Hillsboro, Alabama",84.79,0.0,0.0,13.43,0.97,0.0,0.81,0.0
146,"Highland Lake, Alabama",0.56,0.0,0.0,94.44,0.0,0.0,5.0,0.0
147,"Elmore, Alabama",19.6,0.0,0.0,47.66,17.93,0.0,2.1,12.71
148,"Tallassee, Alabama",23.7,0.0,0.0,70.32,3.65,0.0,1.29,1.04
149,"Elkmont, Alabama",4.86,0.0,0.0,90.28,1.82,1.62,1.42,0.0
150,"Trussville, Alabama",6.14,1.01,0.0,86.95,1.08,0.05,4.35,0.42
151,"Elba, Alabama",38.74,2.02,0.0,55.64,0.52,0.23,2.54,0.31
152,"Columbia, Alabama",11.04,0.0,0.0,82.6,0.0,0.0,4.54,1.82
153,"Grand Bay, Alabama",2.4,0.0,0.0,97.07,0.54,0.0,0.0,0.0
154,"McDonald Chapel, Alabama",36.81,0.0,0.0,60.51,0.0,0.0,2.69,0.0
155,"Sipsey, Alabama",46.6,0.0,0.0,50.38,2.77,0.0,0.25,0.0
156,"Pelham, Alabama",9.71,1.94,0.0,67.55,11.91,0.32,1.04,7.52
157,"Edgewater, Alabama",63.8,0.0,0.0,36.2,0.0,0.0,0.0,0.0
158,"Vance, Alabama",10.22,0.0,0.0,83.24,4.65,0.0,0.75,1.15
159,"Nectar, Alabama",0.0,0.0,0.0,99.39,0.0,0.61,0.0,0.0
160,"Alexander City, Alabama",32.04,0.89,0.0,57.17,5.23,0.32,0.8,3.55
161,"Taylor, Alabama",15.02,0.17,0.0,76.06,3.82,0.0,4.48,0.46
162,"Webb, Alabama",14.65,0.14,0.0,77.38,6.34,0.95,0.34,0.2
163,"Bayou La Batre, Alabama",14.92,26.51,0.0,48.08,5.66,0.4,4.43,0.0
164,"Mooresville, Alabama",11.24,3.37,0.0,83.15,2.25,0.0,0.0,0.0
165,"Tillmans Corner, Alabama",14.17,4.12,0.0,60.42,12.5,0.63,3.03,5.13
166,"Carbon Hill, Alabama",8.06,1.14,0.0,86.66,0.0,0.07,4.07,0.0
167,"Tuscaloosa, Alabama",43.51,2.4,0.07,48.66,3.06,0.27,1.08,0.95
168,"Oneonta, Alabama",8.09,0.53,0.0,74.76,12.88,0.15,0.94,2.64
169,"Susan Moore, Alabama",1.1,0.0,0.0,67.36,28.65,0.0,0.41,2.48
170,"Fulton, Alabama",47.6,0.0,0.0,52.4,0.0,0.0,0.0,0.0
171,"Gaylesville, Alabama",0.0,0.0,0.0,94.76,0.0,3.14,2.09,0.0
172,"Glenwood, Alabama",3.17,10.86,0.0,79.19,0.0,1.81,4.98,0.0
173,"Marion, Alabama",57.44,0.62,0.0,39.67,1.8,0.18,0.0,0.3
174,"Langston, Alabama",4.63,0.0,0.0,89.81,4.17,0.0,1.39,0.0
175,"Hazel Green, Alabama",6.95,1.54,0.0,89.17,0.0,0.0,2.35,0.0
176,"Madison, Alabama",14.81,5.41,0.03,69.21,5.13,0.7,3.73,0.98
177,"Edwardsville, Alabama",0.0,0.0,0.0,98.98,0.0,0.0,1.02,0.0
178,"Lake View, Alabama",17.22,2.65,0.0,76.6,1.44,0.72,0.33,1.05
179,"Snead, Alabama",0.0,1.57,0.0,96.58,1.85,0.0,0.0,0.0
180,"Robertsdale, Alabama",5.96,0.0,0.0,80.68,9.88,0.24,0.73,2.52
181,"Garden City, Alabama",0.0,0.0,0.0,98.55,0.0,0.0,1.45,0.0
182,"Georgiana, Alabama",73.77,1.36,0.0,24.87,0.0,0.0,0.0,0.0
183,"Ider, Alabama",0.0,0.0,0.0,94.25,0.0,4.19,1.55,0.0
184,"Pine Ridge, Alabama",0.25,0.0,0.0,38.82,29.48,1.72,2.46,27.27
185,"Sand Rock, Alabama",0.0,0.0,0.0,98.09,0.0,1.91,0.0,0.0
186,"Valley Head, Alabama",0.58,0.0,0.0,88.89,5.41,2.49,1.9,0.73
187,"Waterloo, Alabama",0.0,0.0,0.0,89.23,10.26,0.0,0.51,0.0
188,"Eva, Alabama",0.0,0.71,0.0,98.75,0.0,0.0,0.54,0.0
189,"Falkville, Alabama",2.84,0.0,0.0,91.84,1.09,2.4,1.82,0.0
190,"Priceville, Alabama",6.18,0.63,0.0,88.85,0.21,2.32,1.66,0.15
191,"Fyffe, Alabama",0.29,0.0,0.0,93.96,0.81,3.02,1.92,0.0
192,"Childersburg, Alabama",24.82,0.0,0.0,66.43,3.76,1.22,0.0,3.76
193,"Avon, Alabama",1.94,0.0,0.0,92.87,2.16,3.02,0.0,0.0
194,"West End-Cobb Town, Alabama",19.37,0.29,0.0,70.27,5.24,0.29,0.83,3.71
195,"Kinston, Alabama",0.99,0.0,0.0,89.83,1.98,3.81,3.39,0.0
196,"Rehobeth, Alabama",8.07,0.0,0.0,84.77,4.49,0.21,2.24,0.21
197,"Ardmore, Alabama",5.98,0.92,0.0,91.34,0.69,1.07,0.0,0.0
198,"Athens, Alabama",16.54,1.25,0.09,69.03,7.23,0.92,2.7,2.24
199,"Citronelle, Alabama",21.66,0.0,0.0,71.95,0.66,5.01,0.72,0.0
200,"Dauphin Island, Alabama",0.0,0.32,0.0,94.42,2.83,0.0,1.86,0.57
201,"Attalla, Alabama",15.0,0.0,1.11,72.88,6.67,0.08,3.46,0.79
202,"Fort Payne, Alabama",3.03,0.49,3.35,65.67,18.43,0.33,2.89,5.8
203,"Mentone, Alabama",0.0,0.0,0.0,98.03,0.0,1.97,0.0,0.0
204,"Steele, Alabama",0.0,0.0,0.0,79.31,10.38,2.64,0.56,7.11
205,"Homewood, Alabama",12.64,2.64,0.0,77.28,4.0,0.1,1.79,1.54
206,"Irondale, Alabama",37.38,0.83,0.0,44.59,8.73,0.08,1.54,6.85
207,"Wilsonville, Alabama",11.09,0.0,0.0,81.66,4.94,0.0,2.32,0.0
208,"Sardis City, Alabama",0.0,0.4,0.0,98.53,0.62,0.0,0.0,0.45
209,"White Hall, Alabama",95.76,0.0,0.0,2.37,1.87,0.0,0.0,0.0
210,"Mulga, Alabama",12.7,0.0,0.0,86.55,0.0,0.0,0.75,0.0
211,"Monroeville, Alabama",57.36,0.72,0.0,38.74,1.99,0.9,0.0,0.29
212,"Minor, Alabama",18.62,0.0,0.0,78.96,0.0,1.02,1.4,0.0
213,"Tarrant, Alabama",49.97,0.74,0.62,27.64,9.09,1.19,0.59,10.15
214,"Florence, Alabama",19.41,0.9,0.15,73.22,3.78,0.47,1.83,0.25
215,"Hamilton, Alabama",8.85,0.0,0.0,84.74,2.58,0.1,3.39,0.32
216,"Banks, Alabama",34.39,0.0,0.0,65.61,0.0,0.0,0.0,0.0
217,"Wadley, Alabama",36.22,0.0,0.0,59.21,1.61,0.0,2.97,0.0
218,"Wilton, Alabama",27.71,0.0,0.0,68.72,2.22,0.0,1.35,0.0
219,"Lanett, Alabama",59.46,0.0,0.0,35.36,2.6,0.0,1.97,0.61
220,"Tuscumbia, Alabama",23.95,0.56,0.0,63.7,3.65,0.63,4.58,2.92
221,"Boligee, Alabama",95.18,0.0,0.0,4.82,0.0,0.0,0.0,0.0
222,"Malvern, Alabama",4.12,0.06,0.0,93.34,1.47,0.0,1.02,0.0
223,"Thorsby, Alabama",5.37,0.39,0.0,79.59,8.59,0.39,1.66,4.0
224,"Cardiff, Alabama",0.0,0.0,0.0,100.0,0.0,0.0,0.0,0.0
225,"Mobile, Alabama",50.21,1.74,0.01,42.74,2.55,0.2,1.73,0.82
226,"Argo, Alabama",4.98,0.44,0.0,88.04,4.12,0.0,0.0,2.42
227,"Bessemer, Alabama",69.01,0.12,0.03,21.01,4.15,0.3,1.57,3.8
228,"Napier Field, Alabama",27.01,0.0,0.0,58.77,6.64,5.21,1.42,0.95
229,"Fairview, Alabama",0.0,1.2,0.0,75.1,18.33,0.0,4.38,1.0
230,"Vredenburgh, Alabama",77.96,0.0,0.0,22.04,0.0,0.0,0.0,0.0
231,"Scottsboro, Alabama",5.82,0.78,0.39,84.77,4.18,0.67,1.59,1.8
232,"Eufaula, Alabama",47.69,0.43,0.0,44.35,3.18,0.07,1.68,2.6
233,"Warrior, Alabama",20.85,1.37,0.0,77.5,0.0,0.0,0.28,0.0
234,"Double Springs, Alabama",2.97,0.0,0.0,82.39,0.85,0.92,12.45,0.42
235,"Natural Bridge, Alabama",0.0,0.0,0.0,100.0,0.0,0.0,0.0,0.0
236,"Selmont-West Selmont, Alabama",88.97,0.0,0.0,8.28,2.55,0.0,0.2,0.0
237,"North Courtland, Alabama",94.69,0.0,0.0,3.63,1.68,0.0,0.0,0.0
238,"Margaret, Alabama",23.92,0.92,0.0,57.16,9.37,0.0,3.58,5.05
239,"Killen, Alabama",3.85,0.0,0.0,83.78,12.37,0.0,0.0,0.0
240,"McIntosh, Alabama",42.92,0.0,0.0,33.87,0.0,23.2,0.0,0.0
241,"Muscle Shoals, Alabama",11.66,0.72,0.0,81.81,2.21,1.01,1.25,1.33
242,"Forkland, Alabama",79.8,0.0,0.0,13.8,0.38,6.02,0.0,0.0
243,"Albertville, Alabama",3.3,0.56,0.0,62.44,29.18,0.24,1.43,2.85
244,"Hartford, Alabama",26.71,0.0,0.0,64.9,5.03,2.35,1.01,0.0
245,"Gilbertown, Alabama",48.19,0.0,0.0,51.81,0.0,0.0,0.0,0.0
246,"Lisman, Alabama",96.65,0.0,0.0,1.44,0.0,0.0,1.91,0.0
247,"Daleville, Alabama",17.4,0.98,0.0,58.25,12.11,0.0,4.27,6.98
248,"Fairfield, Alabama",91.6,0.0,0.0,4.83,1.1,0.16,2.27,0.04
249,"Douglas, Alabama",0.0,0.0,0.0,93.58,5.13,0.0,0.55,0.73
250,"Town Creek, Alabama",25.37,0.0,0.0,59.43,4.43,6.34,4.0,0.43
251,"Leeds, Alabama",15.09,0.07,0.05,77.33,5.18,0.67,1.24,0.38
252,"Lipscomb, Alabama",42.58,0.0,0.0,18.86,17.92,0.49,0.04,20.11
253,"Sumiton, Alabama",11.91,0.0,0.0,86.39,0.58,0.0,1.12,0.0
254,"West Jefferson, Alabama",0.0,0.0,0.0,99.57,0.0,0.0,0.43,0.0
255,"Needham, Alabama",0.0,0.0,0.0,99.12,0.0,0.0,0.88,0.0
256,"Silas, Alabama",27.9,0.0,0.0,71.78,0.0,0.33,0.0,0.0
257,"Jacksonville, Alabama",23.54,1.17,0.0,70.44,1.49,0.12,3.23,0.0
258,"Weaver, Alabama",10.39,2.03,0.0,78.42,2.06,0.96,5.08,1.06
259,"Gordon, Alabama",82.7,0.0,0.0,17.3,0.0,0.0,0.0,0.0
260,"Faunsdale, Alabama",28.12,0.0,0.0,40.62,0.0,0.0,31.25,0.0
261,"Ariton, Alabama",22.24,0.0,0.0,70.44,0.72,0.0,6.6,0.0
262,"Clayhatchee, Alabama",1.56,0.58,0.78,85.19,8.38,1.56,1.95,0.0
263,"Level Plains, Alabama",12.86,5.65,0.0,53.55,16.13,4.44,7.17,0.19
264,"Newbern, Alabama",74.88,0.0,0.0,25.12,0.0,0.0,0.0,0.0
265,"Phil Campbell, Alabama",1.31,0.0,0.0,85.17,6.48,0.44,0.87,5.73
266,"Blue Ridge, Alabama",0.94,2.87,0.0,96.19,0.0,0.0,0.0,0.0
267,"Millbrook, Alabama",26.38,0.4,0.0,65.53,4.08,0.25,2.01,1.35
268,"Prattville, Alabama",18.65,1.68,0.09,72.4,3.68,0.22,2.33,0.96
269,"Wetumpka, Alabama",30.24,0.34,0.0,65.14,0.7,0.0,2.07,1.51
270,"Rockford, Alabama",47.27,0.0,0.0,48.95,2.52,1.26,0.0,0.0
271,"Concord, Alabama",0.0,0.47,0.0,97.4,0.0,0.53,1.6,0.0
272,"Adamsville, Alabama",53.17,0.0,0.25,43.54,0.18,1.1,1.57,0.18
273,"Parrish, Alabama",27.32,0.0,0.0,65.45,2.59,0.0,2.95,1.7
274,"Flomaton, Alabama",39.07,0.0,0.0,52.24,2.47,3.74,1.15,1.32
275,"Five Points, Alabama",59.69,0.0,0.0,39.92,0.0,0.0,0.0,0.39
276,"Oxford, Alabama",13.66,1.46,0.0,67.76,9.16,0.27,2.09,5.61
277,"Cowarts, Alabama",11.74,2.1,0.0,72.81,5.81,0.39,5.06,2.1
278,"Prichard, Alabama",88.1,0.3,0.0,9.48,1.0,0.45,0.56,0.11
279,"Satsuma, Alabama",11.1,0.0,0.0,85.66,0.86,0.0,1.4,0.98
280,"Maytown, Alabama",12.5,0.0,0.0,86.89,0.0,0.3,0.3,0.0
281,"Morris, Alabama",1.9,0.16,0.0,96.3,0.38,0.0,1.25,0.0
282,"Pleasant Grove, Alabama",59.63,0.09,0.0,38.67,0.47,0.0,1.15,0.0
283,"Glencoe, Alabama",0.92,0.0,0.0,95.37,0.27,0.33,2.79,0.31
284,"Hokes Bluff, Alabama",0.0,0.0,0.0,99.06,0.94,0.0,0.0,0.0
285,"Gordonville, Alabama",90.27,0.0,0.0,1.08,0.0,0.0,8.65,0.0
286,"Lockhart, Alabama",15.73,0.0,0.0,78.67,5.59,0.0,0.0,0.0
287,"Autaugaville, Alabama",65.69,0.0,0.0,27.05,3.86,0.0,0.0,3.4
288,"Arab, Alabama",0.72,1.64,0.01,93.82,1.35,0.64,1.46,0.35
289,"Pell City, Alabama",11.56,2.22,0.06,84.4,0.8,0.0,0.67,0.31
290,"Rogersville, Alabama",10.96,1.19,0.0,82.24,3.31,0.0,2.29,0.0
291,"Sheffield, Alabama",22.73,0.11,0.32,69.26,3.04,0.46,3.58,0.5
292,"Brilliant, Alabama",0.96,0.0,0.0,98.46,0.0,0.0,0.58,0.0
293,"Brewton, Alabama",43.55,2.0,0.0,50.66,2.17,0.0,1.22,0.42
294,"Harvest, Alabama",18.09,5.19,0.0,69.55,2.35,0.0,4.05,0.78
295,"Eclectic, Alabama",13.24,0.0,0.0,73.51,5.37,0.0,7.87,0.0
296,"Owens Cross Roads, Alabama",6.94,0.54,0.0,86.22,1.81,0.1,4.15,0.24
297,"Brookwood, Alabama",10.1,0.0,0.0,87.08,2.05,0.0,0.77,0.0
298,"Walnut Grove, Alabama",0.0,0.0,0.0,93.24,1.31,0.0,5.45,0.0
299,"Dothan, Alabama",33.68,1.14,0.03,59.16,3.34,0.27,1.92,0.46
300,"Kinsey, Alabama",49.15,0.18,0.0,42.12,4.7,1.34,1.88,0.63
301,"Theodore, Alabama",16.4,2.83,0.0,76.62,2.04,0.4,0.4,1.32
302,"Eldridge, Alabama",8.21,0.0,0.0,89.55,0.75,0.0,1.49,0.0
303,"Jasper, Alabama",14.39,1.62,0.0,76.21,4.38,0.06,2.05,1.31
304,"Kansas, Alabama",0.0,0.0,0.0,97.33,0.0,0.0,2.67,0.0
305,"Fultondale, Alabama",16.15,3.78,0.04,64.44,9.35,0.93,1.27,4.04
306,"Foley, Alabama",15.62,0.36,0.0,75.61,6.29,0.3,0.6,1.23
307,"Underwood-Petersville, Alabama",8.67,2.75,0.0,84.07,0.63,0.0,2.1,1.78
308,"Guin, Alabama",6.88,0.04,0.0,80.03,5.39,0.49,2.95,4.23
309,"Daphne, Alabama",14.69,1.58,0.0,76.46,3.43,0.0,2.74,1.1
310,"Silverhill, Alabama",0.0,0.0,0.0,70.83,14.11,7.87,5.29,1.9
311,"Leesburg, Alabama",0.0,0.0,0.0,98.72,0.46,0.0,0.82,0.0
312,"Rainsville, Alabama",0.71,0.0,0.0,86.99,5.16,0.87,3.19,3.08
313,"Piedmont, Alabama",9.97,0.54,0.0,81.02,4.95,0.54,2.75,0.24
314,"Huntsville, Alabama",29.9,2.68,0.1,56.6,5.87,0.36,2.83,1.66
315,"Castleberry, Alabama",33.92,0.0,0.0,65.1,0.0,0.0,0.98,0.0
316,"Abbeville, Alabama",39.56,0.0,0.0,55.31,4.79,0.0,0.0,0.35
317,"Greenville, Alabama",56.23,2.65,0.0,38.58,0.36,0.0,2.18,0.0
318,"Evergreen, Alabama",61.92,0.0,0.0,36.44,0.7,0.86,0.08,0.0
319,"East Brewton, Alabama",27.2,0.0,0.0,63.62,8.3,0.0,0.88,0.0
320,"Hurtsboro, Alabama",57.71,1.09,0.0,41.2,0.0,0.0,0.0,0.0
321,"Haleburg, Alabama",5.3,0.0,0.0,94.7,0.0,0.0,0.0,0.0
322,"Newville, Alabama",27.48,0.0,0.0,58.42,11.14,0.0,2.48,0.5
323,"Louisville, Alabama",62.3,0.0,0.2,28.83,4.03,0.0,0.4,4.23
324,"Orrville, Alabama",58.29,0.0,0.0,41.71,0.0,0.0,0.0,0.0
325,"Cuba, Alabama",12.68,0.0,0.0,85.37,0.0,1.95,0.0,0.0
326,"Gainesville, Alabama",81.99,0.0,0.0,11.8,0.0,0.0,6.21,0.0
327,"Libertyville, Alabama",0.0,0.0,0.0,100.0,0.0,0.0,0.0,0.0
328,"Alabaster, Alabama",13.5,1.18,0.02,66.5,8.82,0.32,2.58,7.09
329,"Harpersville, Alabama",22.51,0.0,0.0,75.37,0.2,0.0,1.93,0.0
330,"Gantt, Alabama",4.69,0.0,0.0,95.31,0.0,0.0,0.0,0.0
331,"Glen Allen, Alabama",21.38,0.0,0.0,77.93,0.0,0.0,0.69,0.0
332,"Franklin, Alabama",52.85,0.0,0.0,39.9,3.63,0.0,0.0,3.63
333,"Blue Springs, Alabama",17.89,8.42,0.0,73.68,0.0,0.0,0.0,0.0
334,"Hobson City, Alabama",91.3,0.0,0.0,7.87,0.0,0.0,0.0,0.83
335,"Cottonwood, Alabama",25.33,0.0,0.0,71.42,1.08,0.85,1.32,0.0
336,"Chickasaw, Alabama",43.95,0.0,0.0,48.65,3.38,0.91,2.65,0.46
337,"Saraland, Alabama",12.55,0.65,0.08,79.99,1.1,1.38,3.03,1.22
338,"Cordova, Alabama",16.09,0.0,0.0,83.03,0.0,0.0,0.88,0.0
339,"New Market, Alabama",10.04,0.0,1.74,75.35,3.82,2.16,6.89,0.0
340,"Repton, Alabama",48.26,0.0,0.0,51.04,0.0,0.0,0.0,0.69
341,"New Hope, Alabama",0.42,0.21,0.28,95.14,0.17,1.61,1.99,0.17
342,"Gurley, Alabama",10.16,0.0,0.0,79.13,1.63,0.41,8.67,0.0
343,"Auburn, Alabama",16.92,8.48,0.0,68.8,4.29,0.09,1.06,0.36
344,"Opelika, Alabama",43.26,2.69,0.06,50.16,1.54,0.13,1.96,0.19
345,"Leighton, Alabama",49.09,0.0,0.0,46.35,2.46,0.0,1.37,0.73
346,"Fort Rucker, Alabama",10.18,1.71,0.0,66.23,11.89,0.86,4.95,4.19
347,"Midland City, Alabama",29.48,0.56,0.0,63.53,0.93,0.28,5.22,0.0
348,"Black, Alabama",0.0,0.0,0.0,98.48,0.0,0.0,1.52,0.0
349,"Geneva, Alabama",17.41,2.17,0.0,73.2,2.95,0.0,3.67,0.6
350,"Jacksons' Gap, Alabama",10.14,0.39,0.0,87.8,0.0,1.16,0.51,0.0
351,"Maplesville, Alabama",25.27,0.0,0.0,72.47,0.66,0.0,1.6,0.0
352,"Odenville, Alabama",5.26,0.0,0.0,90.82,2.97,0.0,0.95,0.0
353,"Brundidge, Alabama",72.42,0.09,0.0,24.67,1.47,0.13,1.13,0.09
354,"Roanoke, Alabama",44.04,0.0,0.0,49.97,3.82,0.0,2.17,0.0
355,"Rock Mills, Alabama",0.0,0.0,0.0,100.0,0.0,0.0,0.0,0.0
356,"Russellville, Alabama",7.84,0.85,0.0,40.79,32.98,2.8,0.49,14.26
357,"Vina, Alabama",0.0,2.96,0.0,92.2,2.42,0.0,1.61,0.81
358,"Providence, Alabama",16.76,0.0,0.0,82.12,0.0,0.0,1.12,0.0
359,"Grant, Alabama",0.21,0.0,0.0,95.5,1.18,0.21,2.89,0.0
360,"Daviston, Alabama",5.91,0.0,0.0,93.01,0.0,0.0,1.08,0.0
361,"Clanton, Alabama",21.39,2.04,0.0,68.86,4.91,0.0,0.64,2.15
362,"Moores Mill, Alabama",18.68,0.22,0.0,70.79,5.57,1.78,2.97,0.0
363,"Excel, Alabama",7.9,0.39,0.0,85.09,0.0,0.79,5.82,0.0
364,"Pine Hill, Alabama",62.02,0.0,0.0,37.6,0.0,0.38,0.0,0.0
365,"Spruce Pine, Alabama",0.0,0.0,0.0,100.0,0.0,0.0,0.0,0.0
366,"Woodstock, Alabama",1.52,0.0,0.0,88.57,8.48,0.0,1.43,0.0
367,"Westover, Alabama",2.25,0.0,0.0,81.76,9.41,0.12,0.89,5.57
368,"Valley Grande, Alabama",27.8,0.0,0.0,71.3,0.5,0.13,0.27,0.0
369,"Center Point, Alabama",67.86,0.06,0.0,22.99,4.75,0.0,2.28,2.07
370,"Smiths Station, Alabama",13.85,0.0,0.0,83.49,1.32,0.63,0.71,0.0
371,"Gadsden, Alabama",35.08,1.05,0.0,53.16,6.42,1.13,1.92,1.23
372,"Abanda, Alabama",20.18,0.0,0.0,79.82,0.0,0.0,0.0,0.0
373,"Mount Vernon, Alabama",75.34,0.96,0.0,20.74,0.48,1.28,1.2,0.0
374,"Pennington, Alabama",72.07,0.0,0.0,27.03,0.0,0.9,0.0,0.0
375,"Union, Alabama",98.31,0.0,0.0,1.69,0.0,0.0,0.0,0.0
376,"Red Bay, Alabama",0.0,0.16,0.0,94.0,0.71,0.0,4.84,0.29
377,"Stockton, Alabama",15.23,0.0,0.0,81.38,0.0,0.71,0.0,2.68
378,"Stapleton, Alabama",0.0,0.0,0.0,100.0,0.0,0.0,0.0,0.0
379,"Perdido, Alabama",17.58,0.0,0.0,82.42,0.0,0.0,0.0,0.0
380,"Samson, Alabama",16.38,0.0,0.0,69.0,6.25,0.0,4.91,3.47
381,"Lillian, Alabama",0.0,1.58,0.0,96.54,0.0,1.88,0.0,0.0
382,"Axis, Alabama",56.89,7.54,0.0,35.57,0.0,0.0,0.0,0.0
383,"Belgreen, Alabama",0.0,0.0,0.0,100.0,0.0,0.0,0.0,0.0
384,"Chelsea, Alabama",5.23,2.16,0.0,89.09,1.14,0.17,1.64,0.57
385,"Ashville, Alabama",27.64,0.74,0.0,69.3,1.51,0.0,0.82,0.0
386,"Ashland, Alabama",23.06,0.26,0.0,70.35,3.27,1.28,1.23,0.56
387,"Ashford, Alabama",20.92,0.08,0.0,73.99,2.63,0.17,2.08,0.13
388,"Carlisle-Rockledge, Alabama",0.78,0.0,0.0,92.12,3.49,0.45,1.23,1.93
389,"Calvert, Alabama",0.0,0.0,0.0,90.8,0.0,9.2,0.0,0.0
390,"Ballplay, Alabama",0.0,0.0,0.0,96.71,0.0,0.0,3.29,0.0
391,"Bucks, Alabama",26.47,0.0,0.0,73.53,0.0,0.0,0.0,0.0
392,"Brook Highland, Alabama",16.42,3.52,0.0,64.64,9.49,0.45,2.42,3.06
393,"Bristow Cove, Alabama",0.0,0.0,0.0,95.97,0.0,4.03,0.0,0.0
394,"Brantleyville, Alabama",5.19,0.0,0.0,68.06,14.07,0.0,4.07,8.61
395,"Boykin, Alabama",100.0,0.0,0.0,0.0,0.0,0.0,0.0,0.0
396,"Belle Fontaine, Alabama",0.0,0.0,0.0,95.49,4.51,0.0,0.0,0.0
397,"Bellamy, Alabama",85.53,0.0,0.0,14.47,0.0,0.0,0.0,0.0
398,"Broomtown, Alabama",0.0,0.0,0.0,76.26,23.74,0.0,0.0,0.0
399,"Bon Secour, Alabama",0.0,6.23,0.0,81.11,12.66,0.0,0.0,0.0
400,"Kimberly, Alabama",6.02,0.33,0.0,88.9,0.81,0.0,3.94,0.0
401,"Cottondale, Alabama",22.32,0.0,0.0,56.44,12.66,0.44,3.83,4.3
402,"Stewartville, Alabama",0.0,0.0,0.0,100.0,0.0,0.0,0.0,0.0
403,"Sterrett, Alabama",3.0,0.0,0.0,89.61,0.0,0.0,7.39,0.0
404,"Tidmore Bend, Alabama",4.2,0.0,0.0,93.53,0.0,0.0,2.26,0.0
405,"Standing Rock, Alabama",0.0,0.0,0.0,100.0,0.0,0.0,0.0,0.0
406,"Spring Garden, Alabama",0.0,0.0,0.0,100.0,0.0,0.0,0.0,0.0
407,"Sims Chapel, Alabama",0.0,0.0,0.0,100.0,0.0,0.0,0.0,0.0
408,"Tibbie, Alabama",0.0,0.0,0.0,78.08,0.0,0.0,21.92,0.0
409,"Shoal Creek, Alabama",2.43,0.79,0.0,93.2,0.0,0.0,3.58,0.0
410,"Loachapoka, Alabama",37.05,2.39,0.0,54.98,2.79,1.59,1.2,0.0
411,"Dadeville, Alabama",48.61,0.0,0.0,48.2,1.93,1.27,0.0,0.0
412,"Pickensville, Alabama",66.14,0.23,0.0,33.64,0.0,0.0,0.0,0.0
413,"Talladega Springs, Alabama",3.19,0.0,0.0,92.55,3.19,1.06,0.0,0.0
414,"Calera, Alabama",30.69,1.15,0.0,62.62,2.49,0.0,1.58,1.48
415,"Coosada, Alabama",48.57,0.0,0.0,45.16,1.61,1.43,3.23,0.0
416,"Vernon, Alabama",15.39,0.0,0.0,82.52,0.99,0.0,0.0,1.1
417,"Uriah, Alabama",7.82,0.0,0.0,76.87,0.0,5.21,10.1,0.0
418,"Vandiver, Alabama",2.14,1.46,0.0,93.0,1.17,0.0,1.07,1.17
419,"Vinegar Bend, Alabama",77.33,0.0,0.0,22.67,0.0,0.0,0.0,0.0
420,"Semmes, Alabama",15.15,0.12,0.0,75.53,2.51,0.45,5.19,1.05
421,"Morrison Crossroads, Alabama",0.0,0.0,0.0,93.68,6.32,0.0,0.0,0.0
422,"Joppa, Alabama",0.0,0.0,0.0,100.0,0.0,0.0,0.0,0.0
423,"Riverside, Alabama",10.0,6.31,0.0,77.13,3.33,0.0,3.22,0.0
424,"Good Hope, Alabama",0.0,2.61,0.0,64.42,23.26,0.82,1.6,7.31
425,"Moody, Alabama",11.79,0.85,0.0,85.37,0.7,0.0,1.12,0.17
426,"Kellyton, Alabama",11.22,0.0,0.0,88.78,0.0,0.0,0.0,0.0
427,"Twin, Alabama",0.0,0.0,0.0,96.09,1.96,0.43,1.09,0.43
428,"Pinson, Alabama",20.12,0.2,0.0,71.11,5.19,0.14,0.65,2.59
429,"Munford, Alabama",14.63,0.0,0.29,69.88,5.98,0.36,2.88,5.98
430,"Cusseta, Alabama",0.0,0.89,0.0,99.11,0.0,0.0,0.0,0.0
431,"Whitesboro, Alabama",0.0,0.0,0.0,94.52,0.47,4.51,0.51,0.0
432,"White Plains, Alabama",0.0,0.0,0.0,100.0,0.0,0.0,0.0,0.0
433,"Whatley, Alabama",19.1,0.0,0.0,80.9,0.0,0.0,0.0,0.0
434,"Weogufka, Alabama",4.65,0.0,0.0,95.35,0.0,0.0,0.0,0.0
435,"Bakerhill, Alabama",37.41,0.0,0.0,61.87,0.72,0.0,0.0,0.0
436,"Butler, Alabama",28.86,0.0,0.0,67.35,3.01,0.19,0.46,0.14
437,"Camden, Alabama",56.57,0.0,0.0,42.41,0.51,0.51,0.0,0.0
438,"Clio, Alabama",38.16,0.0,0.0,20.54,21.4,0.0,0.0,19.91
439,"Millerville, Alabama",8.86,0.0,0.0,91.14,0.0,0.0,0.0,0.0
440,"Megargel, Alabama",0.0,0.0,0.0,100.0,0.0,0.0,0.0,0.0
441,"Marbury, Alabama",12.4,1.59,0.0,80.61,0.0,0.0,5.4,0.0
442,"Malcolm, Alabama",46.37,0.0,0.0,53.63,0.0,0.0,0.0,0.0
443,"Macedonia, Alabama",80.77,0.0,0.0,13.94,5.29,0.0,0.0,0.0
444,"Lookout Mountain, Alabama",2.32,0.0,0.0,92.66,1.71,0.0,2.98,0.33
445,"Mount Olive CDP (Coosa County), Alabama",19.05,0.0,0.0,80.95,0.0,0.0,0.0,0.0
446,"Leroy, Alabama",30.07,0.0,0.0,67.88,0.73,0.0,1.31,0.0
447,"Holtville, Alabama",11.86,0.0,0.0,85.58,1.33,0.0,1.23,0.0
448,"Hollis Crossroads, Alabama",0.0,0.0,0.0,84.6,15.4,0.0,0.0,0.0
449,"Hollins, Alabama",0.0,1.41,0.0,92.08,3.25,3.25,0.0,0.0
450,"Hobson, Alabama",0.0,0.0,0.0,100.0,0.0,0.0,0.0,0.0
451,"Hissop, Alabama",81.56,0.0,0.0,18.44,0.0,0.0,0.0,0.0
452,"Highland Lakes, Alabama",9.32,6.68,0.0,81.3,0.78,0.78,0.91,0.24
453,"Ivalee, Alabama",1.24,0.0,0.0,96.95,0.0,0.0,1.81,0.0
454,"Mount Olive CDP (Jefferson County), Alabama",0.7,0.0,0.0,98.41,0.0,0.0,0.9,0.0
455,"New Union, Alabama",0.0,0.0,0.0,92.3,6.23,0.0,1.47,0.0
456,"Movico, Alabama",100.0,0.0,0.0,0.0,0.0,0.0,0.0,0.0
457,"Penton, Alabama",14.71,0.0,0.0,85.29,0.0,0.0,0.0,0.0
458,"Perdido Beach, Alabama",0.0,0.0,0.0,92.59,1.27,3.8,1.81,0.54
459,"Peterman, Alabama",2.88,0.0,0.0,97.12,0.0,0.0,0.0,0.0
460,"Pine Level, Alabama",4.0,0.46,0.0,90.05,3.8,0.96,0.72,0.0
461,"Putnam, Alabama",91.67,0.0,0.0,0.0,0.0,0.0,8.33,0.0
462,"Ray, Alabama",39.69,0.0,0.0,60.31,0.0,0.0,0.0,0.0
463,"Redland, Alabama",13.2,0.75,0.0,86.04,0.0,0.0,0.0,0.0
464,"Reeltown, Alabama",25.49,3.27,0.0,71.24,0.0,0.0,0.0,0.0
465,"Rockville, Alabama",56.25,0.0,0.0,43.75,0.0,0.0,0.0,0.0
466,"St. Stephens, Alabama",22.59,0.0,0.0,77.41,0.0,0.0,0.0,0.0
467,"Shelby, Alabama",29.79,0.86,0.0,60.8,6.32,2.23,0.0,0.0
468,"Magnolia Springs, Alabama",1.1,0.49,0.0,83.8,12.76,0.0,0.25,1.6
469,"Clay, Alabama",26.77,1.46,0.0,70.19,0.37,0.0,1.21,0.0
470,"Nances Creek, Alabama",0.0,0.0,0.0,100.0,0.0,0.0,0.0,0.0
471,"Nanafalia, Alabama",40.48,0.0,0.0,59.52,0.0,0.0,0.0,0.0
472,"Hatton, Alabama",0.0,0.0,0.0,65.09,0.0,0.0,34.91,0.0
473,"Grimes, Alabama",29.69,0.55,0.0,56.91,7.66,0.0,5.2,0.0
474,"Hackneyville, Alabama",0.0,0.0,0.0,100.0,0.0,0.0,0.0,0.0
475,"Graham, Alabama",17.86,0.0,0.0,82.14,0.0,0.0,0.0,0.0
476,"Uniontown, Alabama",90.91,0.0,0.0,8.94,0.0,0.0,0.0,0.15
477,"Stevenson, Alabama",20.09,0.0,0.0,73.15,2.82,0.22,1.46,2.27
478,"Springville, Alabama",2.41,0.0,0.0,97.59,0.0,0.0,0.0,0.0
479,"Reform, Alabama",55.15,0.0,0.0,29.98,10.26,0.0,1.55,3.06
480,"Pike Road, Alabama",30.51,2.85,0.0,62.73,2.01,0.0,1.87,0.03
481,"Jemison, Alabama",21.15,0.0,0.0,71.85,3.41,0.0,1.56,2.04
482,"Carlton, Alabama",100.0,0.0,0.0,0.0,0.0,0.0,0.0,0.0
483,"Indian Springs Village, Alabama",3.01,4.63,0.0,89.42,0.69,0.0,2.24,0.0
484,"Goodwater, Alabama",84.82,0.0,0.0,15.18,0.0,0.0,0.0,0.0
485,"Fruithurst, Alabama",0.0,1.18,0.0,97.64,0.39,0.0,0.79,0.0
486,"Florala, Alabama",16.79,0.0,0.26,81.54,0.58,0.0,0.84,0.0
487,"Eutaw, Alabama",80.16,0.0,0.0,19.84,0.0,0.0,0.0,0.0
488,"Creola, Alabama",8.3,0.0,0.0,83.67,0.89,3.36,0.42,3.36
489,"Coaling, Alabama",17.49,0.0,0.0,73.82,4.95,0.0,3.73,0.0
490,"Henagar, Alabama",0.0,0.0,0.0,85.38,5.33,1.43,2.53,5.33
491,"Catherine, Alabama",100.0,0.0,0.0,0.0,0.0,0.0,0.0,0.0
492,"Choccolocco, Alabama",9.6,1.42,0.0,87.81,0.0,0.71,0.46,0.0
493,"Chunchula, Alabama",87.32,0.0,0.0,12.68,0.0,0.0,0.0,0.0
494,"Gallant, Alabama",0.0,0.0,0.0,95.96,0.0,0.0,4.04,0.0
495,"Fruitdale, Alabama",0.0,0.0,0.0,58.04,41.96,0.0,0.0,0.0
496,"Fredonia, Alabama",25.45,0.0,0.0,74.55,0.0,0.0,0.0,0.0
497,"Fitzpatrick, Alabama",0.0,0.0,0.0,100.0,0.0,0.0,0.0,0.0
498,"Fayetteville, Alabama",4.89,0.0,0.0,92.46,0.0,0.0,2.65,0.0
499,"Fairford, Alabama",0.0,0.0,0.0,100.0,0.0,0.0,0.0,0.0
500,"Eunola, Alabama",0.0,0.0,0.0,100.0,0.0,0.0,0.0,0.0
501,"Emerald Mountain, Alabama",16.62,0.0,0.0,74.75,2.88,0.0,4.28,1.47
502,"Egypt, Alabama",7.11,0.0,0.0,90.83,2.07,0.0,0.0,0.0
503,"East Point, Alabama",0.0,0.0,0.0,100.0,0.0,0.0,0.0,0.0
504,"Dunnavant, Alabama",1.64,2.52,0.0,92.01,0.0,0.0,3.83,0.0
505,"Delta, Alabama",7.76,0.0,0.0,92.24,0.0,0.0,0.0,0.0
506,"Deer Park, Alabama",23.13,0.0,0.0,76.87,0.0,0.0,0.0,0.0
507,"Cullomburg, Alabama",51.61,0.0,0.0,48.39,0.0,0.0,0.0,0.0
508,"Coats Bend, Alabama",5.47,0.0,0.0,78.08,8.88,0.0,0.0,7.57
509,"Gulfcrest, Alabama",21.81,0.0,0.0,66.04,12.15,0.0,0.0,0.0
510,"Panola, Alabama",100.0,0.0,0.0,0.0,0.0,0.0,0.0,0.0
511,"Crossville, Alabama",0.0,0.0,0.0,82.58,8.18,3.39,0.0,5.86
512,"Ranburne, Alabama",1.3,0.0,0.0,93.88,1.48,0.0,3.34,0.0
513,"Emelle, Alabama",75.36,0.0,0.0,24.64,0.0,0.0,0.0,0.0
514,"Woodville, Alabama",3.03,0.24,0.0,84.62,5.45,1.82,4.24,0.61
515,"Montevallo, Alabama",23.59,0.78,0.06,64.31,5.6,0.22,1.74,3.72
516,"Myrtlewood, Alabama",12.3,0.0,0.0,87.7,0.0,0.0,0.0,0.0
517,"Chatom, Alabama",25.71,0.0,0.0,67.04,7.04,0.0,0.2,0.0
518,"Millry, Alabama",20.6,1.5,0.0,74.75,0.0,1.83,1.33,0.0
519,"Millport, Alabama",31.2,0.0,0.0,68.8,0.0,0.0,0.0,0.0
520,"Sulligent, Alabama",17.23,0.0,0.0,80.84,0.0,0.0,1.92,0.0
521,"Anderson, Alabama",0.0,0.0,0.0,98.82,0.0,0.79,0.39,0.0
522,"Hackleburg, Alabama",0.0,0.15,0.0,96.12,2.54,0.89,0.3,0.0
523,"Trinity, Alabama",6.69,0.88,0.0,68.8,17.73,1.59,0.65,3.67
524,"Gulf Shores, Alabama",0.32,0.78,0.0,94.58,3.17,0.12,0.51,0.51
525,"Summerdale, Alabama",9.59,0.58,0.0,82.07,2.88,0.29,3.55,1.05
526,"Hammondville, Alabama",1.14,0.0,0.0,97.72,0.0,0.38,0.76,0.0
527,"Slocomb, Alabama",19.18,0.0,0.0,71.07,8.67,0.71,0.0,0.36
528,"Hollywood, Alabama",13.12,0.0,0.0,79.46,2.99,0.27,3.98,0.18
529,"Livingston, Alabama",49.79,9.91,0.0,40.29,0.0,0.0,0.0,0.0
530,"Holly Pond, Alabama",0.42,0.0,0.0,98.53,0.0,1.05,0.0,0.0
531,"Colony, Alabama",88.94,0.0,0.0,4.61,0.0,0.0,6.45,0.0
532,"Coker, Alabama",1.57,0.0,0.0,92.57,2.57,0.29,0.43,2.57
533,"Troy, Alabama",39.59,3.57,0.0,53.07,0.45,0.42,2.79,0.11
534,"Jackson, Alabama",50.67,0.49,0.0,48.81,0.02,0.0,0.0,0.0
535,"Dodge City, Alabama",0.0,0.0,0.54,98.38,0.54,0.0,0.54,0.0
536,"Beaverton, Alabama",0.0,0.0,0.0,92.24,4.9,0.0,1.22,1.63
537,"Detroit, Alabama",6.63,0.0,0.0,93.37,0.0,0.0,0.0,0.0
538,"Kennedy, Alabama",15.8,0.0,0.0,72.88,10.61,0.0,0.71,0.0
539,"Hytop, Alabama",0.0,1.27,0.0,92.13,0.0,1.27,5.33,0.0
540,"Pisgah, Alabama",0.0,0.0,0.26,90.38,2.82,1.03,4.23,1.28
541,"Coffeeville, Alabama",45.0,0.0,0.0,46.9,0.0,0.0,8.1,0.0
542,"Blountsville, Alabama",1.06,0.9,0.0,83.1,10.35,0.0,2.91,1.69
543,"Locust Fork, Alabama",0.86,0.0,0.0,98.34,0.49,0.0,0.31,0.0
544,"Smoke Rise, Alabama",0.0,0.0,0.0,100.0,0.0,0.0,0.0,0.0
545,"Thomasville, Alabama",45.93,1.6,0.0,52.26,0.2,0.0,0.0,0.0
546,"Memphis, Alabama",100.0,0.0,0.0,0.0,0.0,0.0,0.0,0.0
547,"Hanceville, Alabama",7.35,0.0,0.0,85.95,4.47,0.0,1.79,0.44
548,"Spanish Fort, Alabama",5.7,1.72,0.0,82.72,3.41,0.19,4.26,2.0
549,"Our Town, Alabama",15.61,0.0,0.0,72.25,0.0,6.17,5.97,0.0
550,"Geiger, Alabama",50.0,0.0,0.0,47.48,1.26,0.0,1.26,0.0
551,"Sylacauga, Alabama",33.33,0.0,0.04,60.22,3.46,0.36,0.81,1.78
552,"Lester, Alabama",2.11,1.05,0.0,94.21,0.0,0.0,2.63,0.0
553,"Grove Hill, Alabama",46.03,0.0,0.0,53.53,0.0,0.0,0.45,0.0
554,"Headland, Alabama",32.86,0.0,0.0,65.65,0.36,0.0,0.77,0.36
555,"Enterprise, Alabama",22.38,1.75,0.0,62.4,8.21,0.79,3.39,1.07
556,"Hodges, Alabama",0.0,0.93,0.0,98.46,0.0,0.0,0.62,0.0
557,"Collinsville, Alabama",3.59,0.0,2.17,30.36,33.6,0.0,0.47,29.81
558,"Lynn, Alabama",0.0,0.0,0.0,94.13,4.98,0.0,0.89,0.0
559,"Centre, Alabama",14.27,0.0,0.0,81.06,1.42,1.64,1.61,0.0
560,"Moulton, Alabama",16.39,0.21,0.0,79.71,0.0,2.25,1.43,0.0
561,"Ridgeville, Alabama",81.36,0.0,0.0,18.64,0.0,0.0,0.0,0.0
562,"Cullman, Alabama",1.27,0.58,0.0,86.61,6.13,1.1,2.99,1.33
563,"Ragland, Alabama",13.0,0.16,0.0,84.01,0.42,0.31,1.68,0.42
564,"Epes, Alabama",96.89,0.0,0.0,3.11,0.0,0.0,0.0,0.0
565,"Petrey, Alabama",0.0,0.0,0.0,100.0,0.0,0.0,0.0,0.0
566,"Union Springs, Alabama",87.01,0.64,0.0,11.4,0.89,0.0,0.0,0.06
567,"Dozier, Alabama",42.51,0.0,0.0,54.5,3.0,0.0,0.0,0.0
568,"Beatrice, Alabama",75.81,0.0,0.0,24.19,0.0,0.0,0.0,0.0
569,"Greensboro, Alabama",75.44,0.14,0.0,23.87,0.0,0.0,0.0,0.56
570,"Cedar Bluff, Alabama",10.53,0.0,0.0,87.34,1.11,0.87,0.0,0.14
571,"Pinckard, Alabama",21.34,0.0,0.0,76.72,1.29,0.0,0.65,0.0
572,"Union Grove, Alabama",0.0,0.0,0.0,100.0,0.0,0.0,0.0,0.0
573,"Riverview, Alabama",0.0,0.0,0.0,85.88,11.76,0.0,2.35,0.0
574,"Phenix City, Alabama",42.77,0.7,0.19,44.72,5.75,0.28,3.81,1.78
575,"Cleveland, Alabama",0.25,0.5,0.0,67.0,27.61,0.0,1.82,2.82
576,"Sanford, Alabama",5.67,0.0,0.0,84.02,2.58,0.0,5.15,2.58
577,"Cherokee, Alabama",21.66,0.0,0.0,73.04,2.41,0.84,2.05,0.0
578,"Dora, Alabama",18.05,0.77,0.0,75.59,0.0,0.05,2.23,3.32
579,"Selma, Alabama",81.06,1.0,0.12,16.36,1.03,0.03,0.41,0.0
580,"Paint Rock, Alabama",0.0,0.54,0.0,94.02,0.0,1.63,3.8,0.0
581,"Hayden, Alabama",1.98,0.55,0.0,94.06,0.87,0.0,1.66,0.87
582,"McMullen, Alabama",100.0,0.0,0.0,0.0,0.0,0.0,0.0,0.0
583,"Thomaston, Alabama",37.94,0.0,0.0,54.12,0.0,7.94,0.0,0.0
584,"Southside, Alabama",1.33,0.52,0.0,95.83,0.9,0.48,0.73,0.22
585,"Nelson Lagoon, Alaska",0.0,0.0,0.0,16.22,9.46,74.32,0.0,0.0
586,"Chiniak, Alaska",0.0,0.0,0.0,0.0,0.0,0.0,0.0,0.0
587,"Womens Bay, Alaska",0.0,1.65,0.0,81.08,1.24,15.31,0.72,0.0
588,"Ouzinkie, Alaska",0.0,0.0,0.0,7.02,0.0,68.42,24.56,0.0
589,"Larsen Bay, Alaska",1.82,0.0,0.0,32.73,5.45,49.09,10.91,0.0
590,"Savoonga, Alaska",0.33,0.0,0.0,2.93,0.0,95.66,1.09,0.0
591,"Atmautluak, Alaska",0.0,0.0,0.0,0.0,0.0,100.0,0.0,0.0
592,"Brevig Mission, Alaska",0.0,0.0,0.0,2.95,0.0,94.84,2.21,0.0
593,"Kodiak Station, Alaska",2.28,0.64,3.85,73.06,11.48,0.36,5.06,3.28
594,"Eek, Alaska",0.0,0.0,0.0,0.0,3.35,95.87,0.79,0.0
595,"Crooked Creek, Alaska",1.11,0.0,0.0,4.44,0.0,84.44,10.0,0.0
596,"Bethel, Alaska",1.73,2.73,0.02,21.4,5.34,60.43,6.5,1.85
597,"Kalifornsky, Alaska",0.41,1.63,0.0,83.8,5.38,3.52,3.91,1.35
598,"Beluga, Alaska",0.0,0.0,0.0,100.0,0.0,0.0,0.0,0.0
599,"Nome, Alaska",1.91,0.64,1.05,25.36,6.05,53.28,11.18,0.54
600,"Funny River, Alaska",6.79,0.0,0.0,89.61,1.2,0.0,2.4,0.0
601,"Chevak, Alaska",1.3,0.0,0.0,10.88,2.94,84.11,0.52,0.26
602,"Cantwell, Alaska",1.64,0.0,0.0,77.6,0.0,7.1,13.66,0.0
603,"Emmonak, Alaska",0.26,0.92,0.0,1.18,0.0,97.37,0.26,0.0
604,"Halibut Cove, Alaska",0.0,0.0,0.0,92.96,0.0,0.0,7.04,0.0
605,"Old Harbor, Alaska",0.79,0.0,2.37,18.18,2.37,62.85,13.44,0.0
606,"Akhiok, Alaska",0.0,0.0,0.0,6.78,3.39,67.8,22.03,0.0
607,"Stebbins, Alaska",1.48,0.21,0.0,5.5,0.0,89.85,2.96,0.0
608,"St. Michael, Alaska",0.0,0.0,0.0,1.28,0.0,97.22,1.5,0.0
609,"Diomede, Alaska",0.0,0.0,0.0,0.0,0.0,100.0,0.0,0.0
610,"Game Creek, Alaska",0.0,0.0,0.0,0.0,0.0,0.0,0.0,0.0
611,"Seldovia Village, Alaska",0.0,0.0,0.0,56.71,1.83,23.17,13.41,4.88
612,"Primrose, Alaska",0.0,0.0,0.0,56.57,0.0,0.0,43.43,0.0
613,"Kenai, Alaska",0.53,2.16,1.12,70.08,5.2,13.11,6.25,1.55
614,"Fritz Creek, Alaska",1.71,1.86,0.4,85.35,3.36,0.5,3.96,2.86
615,"Attu Station, Alaska",35.29,0.0,0.0,29.41,35.29,0.0,0.0,0.0
616,"Wainwright, Alaska",0.0,0.0,0.0,7.86,0.59,86.05,5.5,0.0
617,"Ferry, Alaska",0.0,0.0,0.0,100.0,0.0,0.0,0.0,0.0
618,"Kasilof, Alaska",0.0,0.0,0.0,100.0,0.0,0.0,0.0,0.0
619,"Salcha, Alaska",0.0,0.0,1.01,92.26,1.81,3.92,1.01,0.0
620,"Kwethluk, Alaska",0.0,0.46,0.0,0.15,0.0,98.93,0.46,0.0
621,"Manley Hot Springs, Alaska",0.0,0.0,0.0,58.75,17.5,10.0,13.75,0.0
622,"Fox, Alaska",0.0,15.55,0.0,66.08,0.0,3.71,14.66,0.0
623,"Fairbanks, Alaska",8.77,4.01,0.6,55.85,11.17,8.81,9.22,1.56
624,"Ester, Alaska",1.64,0.07,0.0,81.72,2.46,4.55,9.25,0.3
625,"Pleasant Valley, Alaska",0.0,0.0,0.0,85.59,0.0,0.0,14.41,0.0
626,"Tenakee Springs, Alaska",0.0,0.0,0.0,98.06,1.94,0.0,0.0,0.0
627,"Chenega, Alaska",0.0,0.0,0.0,31.25,6.25,56.25,6.25,0.0
628,"Nelchina, Alaska",0.0,0.0,0.0,97.66,0.0,2.34,0.0,0.0
629,"Copper Center, Alaska",2.0,0.67,0.0,34.67,8.0,44.0,9.0,1.67
630,"Mendeltna, Alaska",0.0,0.0,0.0,100.0,0.0,0.0,0.0,0.0
631,"Silver Springs, Alaska",0.0,0.0,0.0,98.33,0.0,0.0,1.67,0.0
632,"Alakanuk, Alaska",0.0,1.55,0.0,2.27,0.0,94.15,2.03,0.0
633,"Anderson, Alaska",0.0,0.0,0.0,87.59,0.0,3.65,8.76,0.0
634,"Nuiqsut, Alaska",0.0,0.0,0.85,17.91,0.0,79.53,1.71,0.0
635,"False Pass, Alaska",0.0,7.23,0.0,37.35,6.02,43.37,0.0,6.02
636,"McGrath, Alaska",2.07,0.0,0.0,33.1,4.83,40.34,18.62,1.03
637,"Tununak, Alaska",0.0,0.0,0.0,0.59,0.0,92.04,7.37,0.0
638,"Big Lake, Alaska",0.0,0.72,0.25,84.38,3.36,7.56,3.73,0.0
639,"New Stuyahok, Alaska",6.46,0.18,0.0,0.54,0.0,90.31,2.51,0.0
640,"Nightmute, Alaska",0.0,0.0,0.0,0.0,0.0,100.0,0.0,0.0
641,"Galena, Alaska",0.0,1.18,0.0,32.94,1.18,59.02,5.69,0.0
